25 8 4
8 25 4
4 25 8
26 7 3
7 26 3
3 26 7
27 8 4
8 27 4
4 27 8
28 27 25
27 28 25
25 28 27
29 28 26
28 29 26
26 29 28
30 29 25
29 30 25
25 30 29
31 6 2
6 31 2
2 31 6
32 31 28
31 32 28
28 32 31
33 7 3
7 33 3
3 33 7
34 33 26
33 34 26
26 34 33
35 34 32
34 35 32
32 35 34
36 35 30
35 36 30
30 36 35
37 5 1
5 37 1
1 37 5
38 37 28
37 38 28
28 38 37
39 38 34
38 39 34
34 39 38
40 6 2
6 40 2
2 40 6
41 40 31
40 41 31
31 41 40
42 41 39
41 42 39
39 42 41
43 42 36
42 43 36
36 43 42
44 43 4
43 44 4
4 44 43
45 43 8
43 45 8
8 45 43
46 45 44
45 46 44
44 46 45
47 46 12
46 47 12
12 47 46
48 43 3
43 48 3
3 48 43
49 43 7
43 49 7
7 49 43
50 49 48
49 50 48
48 50 49
51 50 11
50 51 11
11 51 50
52 46 12
46 52 12
12 52 46
53 52 47
52 53 47
47 53 52
54 53 51
53 54 51
51 54 53
55 54 47
54 55 47
47 55 54
56 43 2
43 56 2
2 56 43
57 43 6
43 57 6
6 57 43
58 57 56
57 58 56
56 58 57
59 58 10
58 59 10
10 59 58
60 59 53
59 60 53
53 60 59
61 50 11
50 61 11
11 61 50
62 61 51
61 62 51
51 62 61
63 62 60
62 63 60
60 63 62
64 63 55
63 64 55
55 64 63
65 43 1
43 65 1
1 65 43
66 43 5
43 66 5
5 66 43
67 66 65
66 67 65
65 67 66
68 67 9
67 68 9
9 68 67
69 68 53
68 69 53
53 69 68
70 69 62
69 70 62
62 70 69
71 58 10
58 71 10
10 71 58
72 71 59
71 72 59
59 72 71
73 72 70
72 73 70
70 73 72
74 73 64
73 74 64
64 74 73
75 74 46
74 75 46
46 75 74
76 74 12
74 76 12
12 76 74
77 76 75
76 77 75
75 77 76
78 77 16
77 78 16
16 78 77
79 74 50
74 79 50
50 79 74
80 74 11
74 80 11
11 80 74
81 80 79
80 81 79
79 81 80
82 81 15
81 82 15
15 82 81
83 77 16
77 83 16
16 83 77
84 83 78
83 84 78
78 84 83
85 84 82
84 85 82
82 85 84
86 85 78
85 86 78
78 86 85
87 74 58
74 87 58
58 87 74
88 74 10
74 88 10
10 88 74
89 88 87
88 89 87
87 89 88
90 89 14
89 90 14
14 90 89
91 90 84
90 91 84
84 91 90
92 81 15
81 92 15
15 92 81
93 92 82
92 93 82
82 93 92
94 93 91
93 94 91
91 94 93
95 94 86
94 95 86
86 95 94
96 74 67
74 96 67
67 96 74
97 74 9
74 97 9
9 97 74
98 97 96
97 98 96
96 98 97
99 98 13
98 99 13
13 99 98
100 99 84
99 100 84
84 100 99
101 100 93
100 101 93
93 101 100
102 89 14
89 102 14
14 102 89
103 102 90
102 103 90
90 103 102
104 103 101
103 104 101
101 104 103
105 104 95
104 105 95
95 105 104
106 105 77
105 106 77
77 106 105
107 105 16
105 107 16
16 107 105
108 107 106
107 108 106
106 108 107
109 108 20
108 109 20
20 109 108
110 105 81
105 110 81
81 110 105
111 105 15
105 111 15
15 111 105
112 111 110
111 112 110
110 112 111
113 112 19
112 113 19
19 113 112
114 108 20
108 114 20
20 114 108
115 114 109
114 115 109
109 115 114
116 115 113
115 116 113
113 116 115
117 116 109
116 117 109
109 117 116
118 105 89
105 118 89
89 118 105
119 105 14
105 119 14
14 119 105
120 119 118
119 120 118
118 120 119
121 120 18
120 121 18
18 121 120
122 121 115
121 122 115
115 122 121
123 112 19
112 123 19
19 123 112
124 123 113
123 124 113
113 124 123
125 124 122
124 125 122
122 125 124
126 125 117
125 126 117
117 126 125
127 105 98
105 127 98
98 127 105
128 105 13
105 128 13
13 128 105
129 128 127
128 129 127
127 129 128
130 129 17
129 130 17
17 130 129
131 130 115
130 131 115
115 131 130
132 131 124
131 132 124
124 132 131
133 120 18
120 133 18
18 133 120
134 133 121
133 134 121
121 134 133
135 134 132
134 135 132
132 135 134
136 135 126
135 136 126
126 136 135
137 136 108
136 137 108
108 137 136
138 136 20
136 138 20
20 138 136
139 138 137
138 139 137
137 139 138
140 139 24
139 140 24
24 140 139
141 136 112
136 141 112
112 141 136
142 136 19
136 142 19
19 142 136
143 142 141
142 143 141
141 143 142
144 143 23
143 144 23
23 144 143
145 139 24
139 145 24
24 145 139
146 145 140
145 146 140
140 146 145
147 146 144
146 147 144
144 147 146
148 147 140
147 148 140
140 148 147
149 136 120
136 149 120
120 149 136
150 136 18
136 150 18
18 150 136
151 150 149
150 151 149
149 151 150
152 151 22
151 152 22
22 152 151
153 152 146
152 153 146
146 153 152
154 143 23
143 154 23
23 154 143
155 154 144
154 155 144
144 155 154
156 155 153
155 156 153
153 156 155
157 156 148
156 157 148
148 157 156
158 136 129
136 158 129
129 158 136
159 136 17
136 159 17
17 159 136
160 159 158
159 160 158
158 160 159
161 160 21
160 161 21
21 161 160
162 161 146
161 162 146
146 162 161
163 162 155
162 163 155
155 163 162
164 151 22
151 164 22
22 164 151
165 164 152
164 165 152
152 165 164
166 165 163
165 166 163
163 166 165
167 166 157
166 167 157
157 167 166
168 167 21
167 168 21
21 168 167
169 167 160
167 169 160
160 169 167
170 169 168
169 170 168
168 170 169
171 167 24
167 171 24
24 171 167
172 167 139
167 172 139
139 172 167
173 172 171
172 173 171
171 173 172
174 43 8
43 174 8
8 174 43
175 43 4
43 175 4
4 175 43
176 175 174
175 176 174
174 176 175
177 74 12
74 177 12
12 177 74
178 74 46
74 178 46
46 178 74
179 178 177
178 179 177
177 179 178
180 179 176
179 180 176
176 180 179
181 43 7
43 181 7
7 181 43
182 43 3
43 182 3
3 182 43
183 182 181
182 183 181
181 183 182
184 74 11
74 184 11
11 184 74
185 74 50
74 185 50
50 185 74
186 185 184
185 186 184
184 186 185
187 186 183
186 187 183
183 187 186
188 179 176
179 188 176
176 188 179
189 188 180
188 189 180
180 189 188
190 189 187
189 190 187
187 190 189
191 190 180
190 191 180
180 191 190
192 43 6
43 192 6
6 192 43
193 43 2
43 193 2
2 193 43
194 193 192
193 194 192
192 194 193
195 74 10
74 195 10
10 195 74
196 74 58
74 196 58
58 196 74
197 196 195
196 197 195
195 197 196
198 197 194
197 198 194
194 198 197
199 198 189
198 199 189
189 199 198
200 186 183
186 200 183
183 200 186
201 200 187
200 201 187
187 201 200
202 201 199
201 202 199
199 202 201
203 202 191
202 203 191
191 203 202
204 43 5
43 204 5
5 204 43
205 43 1
43 205 1
1 205 43
206 205 204
205 206 204
204 206 205
207 74 9
74 207 9
9 207 74
208 74 67
74 208 67
67 208 74
209 208 207
208 209 207
207 209 208
210 209 206
209 210 206
206 210 209
211 210 189
210 211 189
189 211 210
212 211 201
211 212 201
201 212 211
213 197 194
197 213 194
194 213 197
214 213 198
213 214 198
198 214 213
215 214 212
214 215 212
212 215 214
216 215 203
215 216 203
203 216 215
217 216 176
216 217 176
176 217 216
218 216 179
216 218 179
179 218 216
219 218 217
218 219 217
217 219 218
220 105 16
105 220 16
16 220 105
221 105 77
105 221 77
77 221 105
222 221 220
221 222 220
220 222 221
223 222 219
222 223 219
219 223 222
224 105 15
105 224 15
15 224 105
225 105 81
105 225 81
81 225 105
226 225 224
225 226 224
224 226 225
227 216 183
216 227 183
183 227 216
228 216 186
216 228 186
186 228 216
229 228 227
228 229 227
227 229 228
230 229 226
229 230 226
226 230 229
231 222 219
222 231 219
219 231 222
232 231 223
231 232 223
223 232 231
233 232 230
232 233 230
230 233 232
234 233 223
233 234 223
223 234 233
235 105 14
105 235 14
14 235 105
236 105 89
105 236 89
89 236 105
237 236 235
236 237 235
235 237 236
238 216 194
216 238 194
194 238 216
239 216 197
216 239 197
197 239 216
240 239 238
239 240 238
238 240 239
241 240 237
240 241 237
237 241 240
242 241 232
241 242 232
232 242 241
243 229 226
229 243 226
226 243 229
244 243 230
243 244 230
230 244 243
245 244 242
244 245 242
242 245 244
246 245 234
245 246 234
234 246 245
247 105 13
105 247 13
13 247 105
248 105 98
105 248 98
98 248 105
249 248 247
248 249 247
247 249 248
250 216 206
216 250 206
206 250 216
251 216 209
216 251 209
209 251 216
252 251 250
251 252 250
250 252 251
253 252 249
252 253 249
249 253 252
254 253 232
253 254 232
232 254 253
255 254 244
254 255 244
244 255 254
256 240 237
240 256 237
237 256 240
257 256 241
256 257 241
241 257 256
258 257 255
257 258 255
255 258 257
259 258 246
258 259 246
246 259 258
260 259 219
259 260 219
219 260 259
261 259 222
259 261 222
222 261 259
262 261 260
261 262 260
260 262 261
263 136 20
136 263 20
20 263 136
264 136 108
136 264 108
108 264 136
265 264 263
264 265 263
263 265 264
266 265 262
265 266 262
262 266 265
267 136 19
136 267 19
19 267 136
268 136 112
136 268 112
112 268 136
269 268 267
268 269 267
267 269 268
270 259 229
259 270 229
229 270 259
271 259 226
259 271 226
226 271 259
272 271 270
271 272 270
270 272 271
273 272 269
272 273 269
269 273 272
274 265 262
265 274 262
262 274 265
275 274 266
274 275 266
266 275 274
276 275 273
275 276 273
273 276 275
277 276 266
276 277 266
266 277 276
278 136 18
136 278 18
18 278 136
279 136 120
136 279 120
120 279 136
280 279 278
279 280 278
278 280 279
281 259 240
259 281 240
240 281 259
282 259 237
259 282 237
237 282 259
283 282 281
282 283 281
281 283 282
284 283 280
283 284 280
280 284 283
285 284 275
284 285 275
275 285 284
286 272 269
272 286 269
269 286 272
287 286 273
286 287 273
273 287 286
288 287 285
287 288 285
285 288 287
289 288 277
288 289 277
277 289 288
290 136 17
136 290 17
17 290 136
291 136 129
136 291 129
129 291 136
292 291 290
291 292 290
290 292 291
293 259 252
259 293 252
252 293 259
294 259 249
259 294 249
249 294 259
295 294 293
294 295 293
293 295 294
296 295 292
295 296 292
292 296 295
297 296 275
296 297 275
275 297 296
298 297 287
297 298 287
287 298 297
299 283 280
283 299 280
280 299 283
300 299 284
299 300 284
284 300 299
301 300 298
300 301 298
298 301 300
302 301 289
301 302 289
289 302 301
303 302 262
302 303 262
262 303 302
304 302 265
302 304 265
265 304 302
305 304 303
304 305 303
303 305 304
306 305 173
305 306 173
173 306 305
307 167 23
167 307 23
23 307 167
308 167 143
167 308 143
143 308 167
309 308 307
308 309 307
307 309 308
310 302 272
302 310 272
272 310 302
311 302 269
302 311 269
269 311 302
312 311 310
311 312 310
310 312 311
313 312 309
312 313 309
309 313 312
314 305 173
305 314 173
173 314 305
315 314 306
314 315 306
306 315 314
316 315 313
315 316 313
313 316 315
317 316 306
316 317 306
306 317 316
318 167 22
167 318 22
22 318 167
319 167 151
167 319 151
151 319 167
320 319 318
319 320 318
318 320 319
321 302 283
302 321 283
283 321 302
322 302 280
302 322 280
280 322 302
323 322 321
322 323 321
321 323 322
324 323 320
323 324 320
320 324 323
325 324 315
324 325 315
315 325 324
326 312 309
312 326 309
309 326 312
327 326 313
326 327 313
313 327 326
328 327 325
327 328 325
325 328 327
329 328 317
328 329 317
317 329 328
330 302 295
302 330 295
295 330 302
331 302 292
302 331 292
292 331 302
332 331 330
331 332 330
330 332 331
333 332 170
332 333 170
170 333 332
334 333 315
333 334 315
315 334 333
335 334 327
334 335 327
327 335 334
336 323 320
323 336 320
320 336 323
337 336 324
336 337 324
324 337 336
338 337 335
337 338 335
335 338 337
339 338 329
338 339 329
329 339 338
340 339 170
339 340 170
170 340 339
341 339 332
339 341 332
332 341 339
342 341 340
341 342 340
340 342 341
343 339 173
339 343 173
173 343 339
344 339 305
339 344 305
305 344 339
345 344 343
344 345 343
343 345 344
346 216 179
216 346 179
179 346 216
347 216 176
216 347 176
176 347 216
348 347 346
347 348 346
346 348 347
349 259 222
259 349 222
222 349 259
350 259 219
259 350 219
219 350 259
351 350 349
350 351 349
349 351 350
352 351 348
351 352 348
348 352 351
353 216 186
216 353 186
186 353 216
354 216 183
216 354 183
183 354 216
355 354 353
354 355 353
353 355 354
356 259 226
259 356 226
226 356 259
357 259 229
259 357 229
229 357 259
358 357 356
357 358 356
356 358 357
359 358 355
358 359 355
355 359 358
360 351 348
351 360 348
348 360 351
361 360 352
360 361 352
352 361 360
362 361 359
361 362 359
359 362 361
363 362 352
362 363 352
352 363 362
364 216 197
216 364 197
197 364 216
365 216 194
216 365 194
194 365 216
366 365 364
365 366 364
364 366 365
367 259 237
259 367 237
237 367 259
368 259 240
259 368 240
240 368 259
369 368 367
368 369 367
367 369 368
370 369 366
369 370 366
366 370 369
371 370 361
370 371 361
361 371 370
372 358 355
358 372 355
355 372 358
373 372 359
372 373 359
359 373 372
374 373 371
373 374 371
371 374 373
375 374 363
374 375 363
363 375 374
376 216 209
216 376 209
209 376 216
377 216 206
216 377 206
206 377 216
378 377 376
377 378 376
376 378 377
379 259 249
259 379 249
249 379 259
380 259 252
259 380 252
252 380 259
381 380 379
380 381 379
379 381 380
382 381 378
381 382 378
378 382 381
383 382 361
382 383 361
361 383 382
384 383 373
383 384 373
373 384 383
385 369 366
369 385 366
366 385 369
386 385 370
385 386 370
370 386 385
387 386 384
386 387 384
384 387 386
388 387 375
387 388 375
375 388 387
389 388 348
388 389 348
348 389 388
390 388 351
388 390 351
351 390 388
391 390 389
390 391 389
389 391 390
392 302 265
302 392 265
265 392 302
393 302 262
302 393 262
262 393 302
394 393 392
393 394 392
392 394 393
395 394 391
394 395 391
391 395 394
396 302 269
302 396 269
269 396 302
397 302 272
302 397 272
272 397 302
398 397 396
397 398 396
396 398 397
399 388 355
388 399 355
355 399 388
400 388 358
388 400 358
358 400 388
401 400 399
400 401 399
399 401 400
402 401 398
401 402 398
398 402 401
403 394 391
394 403 391
391 403 394
404 403 395
403 404 395
395 404 403
405 404 402
404 405 402
402 405 404
406 405 395
405 406 395
395 406 405
407 302 280
302 407 280
280 407 302
408 302 283
302 408 283
283 408 302
409 408 407
408 409 407
407 409 408
410 388 366
388 410 366
366 410 388
411 388 369
388 411 369
369 411 388
412 411 410
411 412 410
410 412 411
413 412 409
412 413 409
409 413 412
414 413 404
413 414 404
404 414 413
415 401 398
401 415 398
398 415 401
416 415 402
415 416 402
402 416 415
417 416 414
416 417 414
414 417 416
418 417 406
417 418 406
406 418 417
419 302 292
302 419 292
292 419 302
420 302 295
302 420 295
295 420 302
421 420 419
420 421 419
419 421 420
422 388 378
388 422 378
378 422 388
423 388 381
388 423 381
381 423 388
424 423 422
423 424 422
422 424 423
425 424 421
424 425 421
421 425 424
426 425 404
425 426 404
404 426 425
427 426 416
426 427 416
416 427 426
428 412 409
412 428 409
409 428 412
429 428 413
428 429 413
413 429 428
430 429 427
429 430 427
427 430 429
431 430 418
430 431 418
418 431 430
432 431 391
431 432 391
391 432 431
433 431 394
431 433 394
394 433 431
434 433 432
433 434 432
432 434 433
435 434 345
434 435 345
345 435 434
436 339 309
339 436 309
309 436 339
437 339 312
339 437 312
312 437 339
438 437 436
437 438 436
436 438 437
439 431 401
431 439 401
401 439 431
440 431 398
431 440 398
398 440 431
441 440 439
440 441 439
439 441 440
442 441 438
441 442 438
438 442 441
443 434 345
434 443 345
345 443 434
444 443 435
443 444 435
435 444 443
445 444 442
444 445 442
442 445 444
446 445 435
445 446 435
435 446 445
447 339 320
339 447 320
320 447 339
448 339 323
339 448 323
323 448 339
449 448 447
448 449 447
447 449 448
450 431 412
431 450 412
412 450 431
451 431 409
431 451 409
409 451 431
452 451 450
451 452 450
450 452 451
453 452 449
452 453 449
449 453 452
454 453 444
453 454 444
444 454 453
455 441 438
441 455 438
438 455 441
456 455 442
455 456 442
442 456 455
457 456 454
456 457 454
454 457 456
458 457 446
457 458 446
446 458 457
459 431 424
431 459 424
424 459 431
460 431 421
431 460 421
421 460 431
461 460 459
460 461 459
459 461 460
462 461 342
461 462 342
342 462 461
463 462 444
462 463 444
444 463 462
464 463 456
463 464 456
456 464 463
465 452 449
452 465 449
449 465 452
466 465 453
465 466 453
453 466 465
467 466 464
466 467 464
464 467 466
468 467 458
467 468 458
458 468 467
469 468 342
468 469 342
342 469 468
470 468 461
468 470 461
461 470 468
471 470 469
470 471 469
469 471 470
472 468 345
468 472 345
345 472 468
473 468 434
468 473 434
434 473 468
474 473 472
473 474 472
472 474 473
475 388 351
388 475 351
351 475 388
476 388 348
388 476 348
348 476 388
477 476 475
476 477 475
475 477 476
478 431 394
431 478 394
394 478 431
479 431 391
431 479 391
391 479 431
480 479 478
479 480 478
478 480 479
481 480 477
480 481 477
477 481 480
482 388 358
388 482 358
358 482 388
483 388 355
388 483 355
355 483 388
484 483 482
483 484 482
482 484 483
485 431 398
431 485 398
398 485 431
486 431 401
431 486 401
401 486 431
487 486 485
486 487 485
485 487 486
488 487 484
487 488 484
484 488 487
489 480 477
480 489 477
477 489 480
490 489 481
489 490 481
481 490 489
491 490 488
490 491 488
488 491 490
492 491 481
491 492 481
481 492 491
493 388 369
388 493 369
369 493 388
494 388 366
388 494 366
366 494 388
495 494 493
494 495 493
493 495 494
496 431 409
431 496 409
409 496 431
497 431 412
431 497 412
412 497 431
498 497 496
497 498 496
496 498 497
499 498 495
498 499 495
495 499 498
500 499 490
499 500 490
490 500 499
501 487 484
487 501 484
484 501 487
502 501 488
501 502 488
488 502 501
503 502 500
502 503 500
500 503 502
504 503 492
503 504 492
492 504 503
505 388 381
388 505 381
381 505 388
506 388 378
388 506 378
378 506 388
507 506 505
506 507 505
505 507 506
508 431 421
431 508 421
421 508 431
509 431 424
431 509 424
424 509 431
510 509 508
509 510 508
508 510 509
511 510 507
510 511 507
507 511 510
512 511 490
511 512 490
490 512 511
513 512 502
512 513 502
502 513 512
514 498 495
498 514 495
495 514 498
515 514 499
514 515 499
499 515 514
516 515 513
515 516 513
513 516 515
517 516 504
516 517 504
504 517 516
518 517 477
517 518 477
477 518 517
519 517 480
517 519 480
480 519 517
520 519 518
519 520 518
518 520 519
521 520 474
520 521 474
474 521 520
522 468 438
468 522 438
438 522 468
523 468 441
468 523 441
441 523 468
524 523 522
523 524 522
522 524 523
525 517 484
517 525 484
484 525 517
526 517 487
517 526 487
487 526 517
527 526 525
526 527 525
525 527 526
528 527 524
527 528 524
524 528 527
529 520 474
520 529 474
474 529 520
530 529 521
529 530 521
521 530 529
531 530 528
530 531 528
528 531 530
532 531 521
531 532 521
521 532 531
533 468 449
468 533 449
449 533 468
534 468 452
468 534 452
452 534 468
535 534 533
534 535 533
533 535 534
536 517 495
517 536 495
495 536 517
537 517 498
517 537 498
498 537 517
538 537 536
537 538 536
536 538 537
539 538 535
538 539 535
535 539 538
540 539 530
539 540 530
530 540 539
541 527 524
527 541 524
524 541 527
542 541 528
541 542 528
528 542 541
543 542 540
542 543 540
540 543 542
544 543 532
543 544 532
532 544 543
545 517 507
517 545 507
507 545 517
546 517 510
517 546 510
510 546 517
547 546 545
546 547 545
545 547 546
548 547 471
547 548 471
471 548 547
549 548 530
548 549 530
530 549 548
550 549 542
549 550 542
542 550 549
551 538 535
538 551 535
535 551 538
552 551 539
551 552 539
539 552 551
553 552 550
552 553 550
550 553 552
554 553 544
553 554 544
544 554 553
555 554 471
554 555 471
471 555 554
556 554 547
554 556 547
547 556 554
557 556 555
556 557 555
555 557 556
558 517 480
517 558 480
480 558 517
559 517 477
517 559 477
477 559 517
560 559 558
559 560 558
558 560 559
561 554 474
554 561 474
474 561 554
562 554 520
554 562 520
520 562 554
563 562 561
562 563 561
561 563 562
564 563 560
563 564 560
560 564 563
565 517 487
517 565 487
487 565 517
566 517 484
517 566 484
484 566 517
567 566 565
566 567 565
565 567 566
568 554 524
554 568 524
524 568 554
569 554 527
554 569 527
527 569 554
570 569 568
569 570 568
568 570 569
571 570 567
570 571 567
567 571 570
572 563 560
563 572 560
560 572 563
573 572 564
572 573 564
564 573 572
574 573 571
573 574 571
571 574 573
575 574 564
574 575 564
564 575 574
576 517 498
517 576 498
498 576 517
577 517 495
517 577 495
495 577 517
578 577 576
577 578 576
576 578 577
579 554 535
554 579 535
535 579 554
580 554 538
554 580 538
538 580 554
581 580 579
580 581 579
579 581 580
582 581 578
581 582 578
578 582 581
583 582 573
582 583 573
573 583 582
584 570 567
570 584 567
567 584 570
585 584 571
584 585 571
571 585 584
586 585 583
585 586 583
583 586 585
587 586 575
586 587 575
575 587 586
588 517 510
517 588 510
510 588 517
589 517 507
517 589 507
507 589 517
590 589 588
589 590 588
588 590 589
591 590 557
590 591 557
557 591 590
592 591 573
591 592 573
573 592 591
593 592 585
592 593 585
585 593 592
594 581 578
581 594 578
578 594 581
595 594 582
594 595 582
582 595 594
596 595 593
595 596 593
593 596 595
597 596 587
596 597 587
587 597 596
598 597 557
597 598 557
557 598 597
599 597 590
597 599 590
590 599 597
600 599 598
599 600 598
598 600 599
601 597 581
597 601 581
581 601 597
602 597 578
597 602 578
578 602 597
603 602 601
602 603 601
601 603 602
604 597 570
597 604 570
570 604 597
605 597 567
597 605 567
567 605 597
606 605 604
605 606 604
604 606 605
607 597 563
597 607 563
563 607 597
608 597 560
597 608 560
560 608 597
609 608 607
608 609 607
607 609 608
610 597 590
597 610 590
590 610 597
611 597 557
597 611 557
557 611 597
612 611 610
611 612 610
610 612 611
613 597 578
597 613 578
578 613 597
614 597 581
597 614 581
581 614 597
615 614 613
614 615 613
613 615 614
616 597 567
597 616 567
567 616 597
617 597 570
597 617 570
570 617 597
618 617 616
617 618 616
616 618 617
619 597 560
597 619 560
560 619 597
620 597 563
597 620 563
563 620 597
621 620 619
620 621 619
619 621 620
622 554 547
554 622 547
547 622 554
623 554 471
554 623 471
471 623 554
624 623 622
623 624 622
622 624 623
625 554 538
554 625 538
538 625 554
626 554 535
554 626 535
535 626 554
627 626 625
626 627 625
625 627 626
628 554 527
554 628 527
527 628 554
629 554 524
554 629 524
524 629 554
630 629 628
629 630 628
628 630 629
631 554 520
554 631 520
520 631 554
632 554 474
554 632 474
474 632 554
633 632 631
632 633 631
631 633 632
634 468 461
468 634 461
461 634 468
635 468 342
468 635 342
342 635 468
636 635 634
635 636 634
634 636 635
637 468 452
468 637 452
452 637 468
638 468 449
468 638 449
449 638 468
639 638 637
638 639 637
637 639 638
640 468 441
468 640 441
441 640 468
641 468 438
468 641 438
438 641 468
642 641 640
641 642 640
640 642 641
643 468 434
468 643 434
434 643 468
644 468 345
468 644 345
345 644 468
645 644 643
644 645 643
643 645 644
646 339 332
339 646 332
332 646 339
647 339 170
339 647 170
170 647 339
648 647 646
647 648 646
646 648 647
649 339 323
339 649 323
323 649 339
650 339 320
339 650 320
320 650 339
651 650 649
650 651 649
649 651 650
652 339 312
339 652 312
312 652 339
653 339 309
339 653 309
309 653 339
654 653 652
653 654 652
652 654 653
655 339 305
339 655 305
305 655 339
656 339 173
339 656 173
173 656 339
657 656 655
656 657 655
655 657 656
658 167 160
167 658 160
160 658 167
659 167 21
167 659 21
21 659 167
660 659 658
659 660 658
658 660 659
661 167 151
167 661 151
151 661 167
662 167 22
167 662 22
22 662 167
663 662 661
662 663 661
661 663 662
664 167 143
167 664 143
143 664 167
665 167 23
167 665 23
23 665 167
666 665 664
665 666 664
664 666 665
667 167 139
167 667 139
139 667 167
668 167 24
167 668 24
24 668 167
669 668 667
668 669 667
667 669 668
670 12 4
12 670 4
4 670 12
671 11 3
11 671 3
3 671 11
672 12 4
12 672 4
4 672 12
673 672 670
672 673 670
670 673 672
674 673 671
673 674 671
671 674 673
675 674 670
674 675 670
670 675 674
676 10 2
10 676 2
2 676 10
677 676 673
676 677 673
673 677 676
678 11 3
11 678 3
3 678 11
679 678 671
678 679 671
671 679 678
680 679 677
679 680 677
677 680 679
681 680 675
680 681 675
675 681 680
682 9 1
9 682 1
1 682 9
683 682 673
682 683 673
673 683 682
684 683 679
683 684 679
679 684 683
685 10 2
10 685 2
2 685 10
686 685 676
685 686 676
676 686 685
687 686 684
686 687 684
684 687 686
688 687 681
687 688 681
681 688 687
689 688 43
688 689 43
43 689 688
690 689 43
689 690 43
43 690 689
691 690 689
690 691 689
689 691 690
692 12 8
12 692 8
8 692 12
693 11 7
11 693 7
7 693 11
694 12 8
12 694 8
8 694 12
695 694 692
694 695 692
692 695 694
696 695 693
695 696 693
693 696 695
697 696 692
696 697 692
692 697 696
698 10 6
10 698 6
6 698 10
699 698 695
698 699 695
695 699 698
700 11 7
11 700 7
7 700 11
701 700 693
700 701 693
693 701 700
702 701 699
701 702 699
699 702 701
703 702 697
702 703 697
697 703 702
704 9 5
9 704 5
5 704 9
705 704 695
704 705 695
695 705 704
706 705 701
705 706 701
701 706 705
707 10 6
10 707 6
6 707 10
708 707 698
707 708 698
698 708 707
709 708 706
708 709 706
706 709 708
710 709 703
709 710 703
703 710 709
711 710 691
710 711 691
691 711 710
712 711 690
711 712 690
690 712 711
713 711 689
711 713 689
689 713 711
714 713 711
713 714 711
711 714 713
715 714 712
714 715 712
712 715 714
716 16 12
16 716 12
12 716 16
717 15 11
15 717 11
11 717 15
718 16 12
16 718 12
12 718 16
719 718 716
718 719 716
716 719 718
720 719 717
719 720 717
717 720 719
721 720 716
720 721 716
716 721 720
722 14 10
14 722 10
10 722 14
723 722 719
722 723 719
719 723 722
724 15 11
15 724 11
11 724 15
725 724 717
724 725 717
717 725 724
726 725 723
725 726 723
723 726 725
727 726 721
726 727 721
721 727 726
728 13 9
13 728 9
9 728 13
729 728 719
728 729 719
719 729 728
730 729 725
729 730 725
725 730 729
731 14 10
14 731 10
10 731 14
732 731 722
731 732 722
722 732 731
733 732 730
732 733 730
730 733 732
734 733 727
733 734 727
727 734 733
735 734 715
734 735 715
715 735 734
736 735 712
735 736 712
712 736 735
737 735 714
735 737 714
714 737 735
738 737 735
737 738 735
735 738 737
739 738 736
738 739 736
736 739 738
740 16 4
16 740 4
4 740 16
741 15 3
15 741 3
3 741 15
742 16 4
16 742 4
4 742 16
743 742 740
742 743 740
740 743 742
744 743 741
743 744 741
741 744 743
745 744 740
744 745 740
740 745 744
746 14 2
14 746 2
2 746 14
747 746 743
746 747 743
743 747 746
748 15 3
15 748 3
3 748 15
749 748 741
748 749 741
741 749 748
750 749 747
749 750 747
747 750 749
751 750 745
750 751 745
745 751 750
752 13 1
13 752 1
1 752 13
753 752 743
752 753 743
743 753 752
754 753 749
753 754 749
749 754 753
755 14 2
14 755 2
2 755 14
756 755 746
755 756 746
746 756 755
757 756 754
756 757 754
754 757 756
758 757 751
757 758 751
751 758 757
759 758 739
758 759 739
739 759 758
760 759 736
759 760 736
736 760 759
761 760 759
760 761 759
759 761 760
762 759 738
759 762 738
738 762 759
763 762 759
762 763 759
759 763 762
764 763 761
763 764 761
761 764 763
765 16 8
16 765 8
8 765 16
766 15 7
15 766 7
7 766 15
767 16 8
16 767 8
8 767 16
768 767 765
767 768 765
765 768 767
769 768 766
768 769 766
766 769 768
770 769 765
769 770 765
765 770 769
771 14 6
14 771 6
6 771 14
772 771 768
771 772 768
768 772 771
773 15 7
15 773 7
7 773 15
774 773 766
773 774 766
766 774 773
775 774 772
774 775 772
772 775 774
776 775 770
775 776 770
770 776 775
777 13 5
13 777 5
5 777 13
778 777 768
777 778 768
768 778 777
779 778 774
778 779 774
774 779 778
780 14 6
14 780 6
6 780 14
781 780 771
780 781 771
771 781 780
782 781 779
781 782 779
779 782 781
783 782 776
782 783 776
776 783 782
784 783 764
783 784 764
764 784 783
785 784 761
784 785 761
761 785 784
786 785 784
785 786 784
784 786 785
787 784 763
784 787 763
763 787 784
788 787 784
787 788 784
784 788 787
789 788 786
788 789 786
786 789 788
790 724 719
724 790 719
719 790 724
791 790 718
790 791 718
718 791 790
792 731 719
731 792 719
719 792 731
793 792 725
792 793 725
725 793 792
794 793 791
793 794 791
791 794 793
795 13 9
13 795 9
9 795 13
796 795 719
795 796 719
719 796 795
797 796 725
796 797 725
725 797 796
798 797 732
797 798 732
732 798 797
799 798 794
798 799 794
794 799 798
800 799 789
799 800 789
789 800 799
801 800 786
800 801 786
786 801 800
802 801 800
801 802 800
800 802 801
803 800 788
800 803 788
788 803 800
804 803 800
803 804 800
800 804 803
805 804 802
804 805 802
802 805 804
806 20 4
20 806 4
4 806 20
807 19 3
19 807 3
3 807 19
808 20 4
20 808 4
4 808 20
809 808 806
808 809 806
806 809 808
810 809 807
809 810 807
807 810 809
811 810 806
810 811 806
806 811 810
812 18 2
18 812 2
2 812 18
813 812 809
812 813 809
809 813 812
814 19 3
19 814 3
3 814 19
815 814 807
814 815 807
807 815 814
816 815 813
815 816 813
813 816 815
817 816 811
816 817 811
811 817 816
818 17 1
17 818 1
1 818 17
819 818 809
818 819 809
809 819 818
820 819 815
819 820 815
815 820 819
821 18 2
18 821 2
2 821 18
822 821 812
821 822 812
812 822 821
823 822 820
822 823 820
820 823 822
824 823 817
823 824 817
817 824 823
825 824 805
824 825 805
805 825 824
826 825 802
825 826 802
802 826 825
827 825 804
825 827 804
804 827 825
828 827 826
827 828 826
826 828 827
829 828 825
828 829 825
825 829 828
830 20 8
20 830 8
8 830 20
831 19 7
19 831 7
7 831 19
832 20 8
20 832 8
8 832 20
833 832 830
832 833 830
830 833 832
834 833 831
833 834 831
831 834 833
835 834 830
834 835 830
830 835 834
836 18 6
18 836 6
6 836 18
837 836 833
836 837 833
833 837 836
838 19 7
19 838 7
7 838 19
839 838 831
838 839 831
831 839 838
840 839 837
839 840 837
837 840 839
841 840 835
840 841 835
835 841 840
842 17 5
17 842 5
5 842 17
843 842 833
842 843 833
833 843 842
844 843 839
843 844 839
839 844 843
845 18 6
18 845 6
6 845 18
846 845 836
845 846 836
836 846 845
847 846 844
846 847 844
844 847 846
848 847 841
847 848 841
841 848 847
849 848 829
848 849 829
829 849 848
850 849 825
849 850 825
825 850 849
851 850 849
850 851 849
849 851 850
852 849 826
849 852 826
826 852 849
853 849 827
849 853 827
827 853 849
854 853 852
853 854 852
852 854 853
855 854 851
854 855 851
851 855 854
856 20 12
20 856 12
12 856 20
857 19 11
19 857 11
11 857 19
858 20 12
20 858 12
12 858 20
859 858 856
858 859 856
856 859 858
860 859 857
859 860 857
857 860 859
861 860 856
860 861 856
856 861 860
862 18 10
18 862 10
10 862 18
863 862 859
862 863 859
859 863 862
864 19 11
19 864 11
11 864 19
865 864 857
864 865 857
857 865 864
866 865 863
865 866 863
863 866 865
867 866 861
866 867 861
861 867 866
868 17 9
17 868 9
9 868 17
869 868 859
868 869 859
859 869 868
870 869 865
869 870 865
865 870 869
871 18 10
18 871 10
10 871 18
872 871 862
871 872 862
862 872 871
873 872 870
872 873 870
870 873 872
874 873 867
873 874 867
867 874 873
875 874 855
874 875 855
855 875 874
876 875 851
875 876 851
851 876 875
877 876 875
876 877 875
875 877 876
878 875 852
875 878 852
852 878 875
879 875 853
875 879 853
853 879 875
880 879 878
879 880 878
878 880 879
881 880 877
880 881 877
877 881 880
882 20 16
20 882 16
16 882 20
883 19 15
19 883 15
15 883 19
884 20 16
20 884 16
16 884 20
885 884 882
884 885 882
882 885 884
886 885 883
885 886 883
883 886 885
887 886 882
886 887 882
882 887 886
888 18 14
18 888 14
14 888 18
889 888 885
888 889 885
885 889 888
890 19 15
19 890 15
15 890 19
891 890 883
890 891 883
883 891 890
892 891 889
891 892 889
889 892 891
893 892 887
892 893 887
887 893 892
894 17 13
17 894 13
13 894 17
895 894 885
894 895 885
885 895 894
896 895 891
895 896 891
891 896 895
897 18 14
18 897 14
14 897 18
898 897 888
897 898 888
888 898 897
899 898 896
898 899 896
896 899 898
900 899 893
899 900 893
893 900 899
901 900 881
900 901 881
881 901 900
902 901 877
901 902 877
877 902 901
903 902 901
902 903 901
901 903 902
904 901 878
901 904 878
878 904 901
905 901 879
901 905 879
879 905 901
906 905 904
905 906 904
904 906 905
907 906 903
906 907 903
903 907 906
908 24 20
24 908 20
20 908 24
909 23 19
23 909 19
19 909 23
910 24 20
24 910 20
20 910 24
911 910 908
910 911 908
908 911 910
912 911 909
911 912 909
909 912 911
913 912 908
912 913 908
908 913 912
914 22 18
22 914 18
18 914 22
915 914 911
914 915 911
911 915 914
916 23 19
23 916 19
19 916 23
917 916 909
916 917 909
909 917 916
918 917 915
917 918 915
915 918 917
919 918 913
918 919 913
913 919 918
920 21 17
21 920 17
17 920 21
921 920 911
920 921 911
911 921 920
922 921 917
921 922 917
917 922 921
923 22 18
22 923 18
18 923 22
924 923 914
923 924 914
914 924 923
925 924 922
924 925 922
922 925 924
926 925 919
925 926 919
919 926 925
927 926 907
926 927 907
907 927 926
928 927 903
927 928 903
903 928 927
929 928 927
928 929 927
927 929 928
930 927 904
927 930 904
904 930 927
931 927 905
927 931 905
905 931 927
932 931 930
931 932 930
930 932 931
933 932 929
932 933 929
929 933 932
934 24 4
24 934 4
4 934 24
935 23 3
23 935 3
3 935 23
936 24 4
24 936 4
4 936 24
937 936 934
936 937 934
934 937 936
938 937 935
937 938 935
935 938 937
939 938 934
938 939 934
934 939 938
940 22 2
22 940 2
2 940 22
941 940 937
940 941 937
937 941 940
942 23 3
23 942 3
3 942 23
943 942 935
942 943 935
935 943 942
944 943 941
943 944 941
941 944 943
945 944 939
944 945 939
939 945 944
946 21 1
21 946 1
1 946 21
947 946 937
946 947 937
937 947 946
948 947 943
947 948 943
943 948 947
949 22 2
22 949 2
2 949 22
950 949 940
949 950 940
940 950 949
951 950 948
950 951 948
948 951 950
952 951 945
951 952 945
945 952 951
953 952 933
952 953 933
933 953 952
954 953 929
953 954 929
929 954 953
955 954 953
954 955 953
953 955 954
956 953 930
953 956 930
930 956 953
957 956 953
956 957 953
953 957 956
958 953 931
953 958 931
931 958 953
959 958 957
958 959 957
957 959 958
960 959 955
959 960 955
955 960 959
961 24 8
24 961 8
8 961 24
962 23 7
23 962 7
7 962 23
963 24 8
24 963 8
8 963 24
964 963 961
963 964 961
961 964 963
965 964 962
964 965 962
962 965 964
966 965 961
965 966 961
961 966 965
967 22 6
22 967 6
6 967 22
968 967 964
967 968 964
964 968 967
969 23 7
23 969 7
7 969 23
970 969 962
969 970 962
962 970 969
971 970 968
970 971 968
968 971 970
972 971 966
971 972 966
966 972 971
973 21 5
21 973 5
5 973 21
974 973 964
973 974 964
964 974 973
975 974 970
974 975 970
970 975 974
976 22 6
22 976 6
6 976 22
977 976 967
976 977 967
967 977 976
978 977 975
977 978 975
975 978 977
979 978 972
978 979 972
972 979 978
980 979 960
979 980 960
960 980 979
981 980 955
980 981 955
955 981 980
982 981 980
981 982 980
980 982 981
983 980 957
980 983 957
957 983 980
984 983 980
983 984 980
980 984 983
985 980 958
980 985 958
958 985 980
986 985 984
985 986 984
984 986 985
987 986 982
986 987 982
982 987 986
988 24 12
24 988 12
12 988 24
989 23 11
23 989 11
11 989 23
990 24 12
24 990 12
12 990 24
991 990 988
990 991 988
988 991 990
992 991 989
991 992 989
989 992 991
993 992 988
992 993 988
988 993 992
994 22 10
22 994 10
10 994 22
995 994 991
994 995 991
991 995 994
996 23 11
23 996 11
11 996 23
997 996 989
996 997 989
989 997 996
998 997 995
997 998 995
995 998 997
999 998 993
998 999 993
993 999 998
1000 21 9
21 1000 9
9 1000 21
1001 1000 991
1000 1001 991
991 1001 1000
1002 1001 997
1001 1002 997
997 1002 1001
1003 22 10
22 1003 10
10 1003 22
1004 1003 994
1003 1004 994
994 1004 1003
1005 1004 1002
1004 1005 1002
1002 1005 1004
1006 1005 999
1005 1006 999
999 1006 1005
1007 1006 987
1006 1007 987
987 1007 1006
1008 1007 982
1007 1008 982
982 1008 1007
1009 1008 1007
1008 1009 1007
1007 1009 1008
1010 1007 984
1007 1010 984
984 1010 1007
1011 1010 1007
1010 1011 1007
1007 1011 1010
1012 1007 985
1007 1012 985
985 1012 1007
1013 1012 1011
1012 1013 1011
1011 1013 1012
1014 1013 1009
1013 1014 1009
1009 1014 1013
1015 24 16
24 1015 16
16 1015 24
1016 23 15
23 1016 15
15 1016 23
1017 24 16
24 1017 16
16 1017 24
1018 1017 1015
1017 1018 1015
1015 1018 1017
1019 1018 1016
1018 1019 1016
1016 1019 1018
1020 1019 1015
1019 1020 1015
1015 1020 1019
1021 22 14
22 1021 14
14 1021 22
1022 1021 1018
1021 1022 1018
1018 1022 1021
1023 23 15
23 1023 15
15 1023 23
1024 1023 1016
1023 1024 1016
1016 1024 1023
1025 1024 1022
1024 1025 1022
1022 1025 1024
1026 1025 1020
1025 1026 1020
1020 1026 1025
1027 21 13
21 1027 13
13 1027 21
1028 1027 1018
1027 1028 1018
1018 1028 1027
1029 1028 1024
1028 1029 1024
1024 1029 1028
1030 22 14
22 1030 14
14 1030 22
1031 1030 1021
1030 1031 1021
1021 1031 1030
1032 1031 1029
1031 1032 1029
1029 1032 1031
1033 1032 1026
1032 1033 1026
1026 1033 1032
1034 1033 1014
1033 1034 1014
1014 1034 1033
1035 1034 1009
1034 1035 1009
1009 1035 1034
1036 1035 1034
1035 1036 1034
1034 1036 1035
1037 1034 1011
1034 1037 1011
1011 1037 1034
1038 1037 1034
1037 1038 1034
1034 1038 1037
1039 1034 1012
1034 1039 1012
1012 1039 1034
1040 1039 1038
1039 1040 1038
1038 1040 1039
1041 1040 1036
1040 1041 1036
1036 1041 1040
1042 916 911
916 1042 911
911 1042 916
1043 1042 910
1042 1043 910
910 1043 1042
1044 923 911
923 1044 911
911 1044 923
1045 1044 917
1044 1045 917
917 1045 1044
1046 1045 1043
1045 1046 1043
1043 1046 1045
1047 21 17
21 1047 17
17 1047 21
1048 1047 911
1047 1048 911
911 1048 1047
1049 1048 917
1048 1049 917
917 1049 1048
1050 1049 924
1049 1050 924
924 1050 1049
1051 1050 1046
1050 1051 1046
1046 1051 1050
1052 1051 1041
1051 1052 1041
1041 1052 1051
1053 1052 1036
1052 1053 1036
1036 1053 1052
1054 1053 1052
1053 1054 1052
1052 1054 1053
1055 1052 1038
1052 1055 1038
1038 1055 1052
1056 1055 1052
1055 1056 1052
1052 1056 1055
1057 1052 1039
1052 1057 1039
1039 1057 1052
1058 1057 1056
1057 1058 1056
1056 1058 1057
1059 1058 1054
1058 1059 1054
1054 1059 1058
1060 1059 21
1059 1060 21
21 1060 1059
1061 1057 1056
1057 1061 1056
1056 1061 1057
1062 1061 1054
1061 1062 1054
1054 1062 1061
1063 1062 17
1062 1063 17
17 1063 1062
1064 1057 1056
1057 1064 1056
1056 1064 1057
1065 1064 1054
1064 1065 1054
1054 1065 1064
1066 1065 13
1065 1066 13
13 1066 1065
1067 1057 1056
1057 1067 1056
1056 1067 1057
1068 1067 1054
1067 1068 1054
1054 1068 1067
1069 1068 9
1068 1069 9
9 1069 1068
1070 1058 1054
1058 1070 1054
1054 1070 1058
1071 1070 5
1070 1071 5
5 1071 1070
1072 1061 1054
1061 1072 1054
1054 1072 1061
1073 1072 1
1072 1073 1
1 1073 1072
1074 1072 1
1072 1074 1
1 1074 1072
1075 1074 1073
1074 1075 1073
1073 1075 1074
1076 1075 1070
1075 1076 1070
1070 1076 1075
1077 1076 1071
1076 1077 1071
1071 1077 1076
1078 1077 1068
1077 1078 1068
1068 1078 1077
1079 1078 1069
1078 1079 1069
1069 1079 1078
1080 1079 1065
1079 1080 1065
1065 1080 1079
1081 1080 1066
1080 1081 1066
1066 1081 1080
1082 1081 1062
1081 1082 1062
1062 1082 1081
1083 1082 1063
1082 1083 1063
1063 1083 1082
1084 1083 1059
1083 1084 1059
1059 1084 1083
1085 1084 1060
1084 1085 1060
1060 1085 1084
1086 1059 22
1059 1086 22
22 1086 1059
1087 1062 18
1062 1087 18
18 1087 1062
1088 1065 14
1065 1088 14
14 1088 1065
1089 1068 10
1068 1089 10
10 1089 1068
1090 1070 6
1070 1090 6
6 1090 1070
1091 1072 2
1072 1091 2
2 1091 1072
1092 1072 2
1072 1092 2
2 1092 1072
1093 1092 1091
1092 1093 1091
1091 1093 1092
1094 1093 1070
1093 1094 1070
1070 1094 1093
1095 1094 1090
1094 1095 1090
1090 1095 1094
1096 1095 1068
1095 1096 1068
1068 1096 1095
1097 1096 1089
1096 1097 1089
1089 1097 1096
1098 1097 1065
1097 1098 1065
1065 1098 1097
1099 1098 1088
1098 1099 1088
1088 1099 1098
1100 1099 1062
1099 1100 1062
1062 1100 1099
1101 1100 1087
1100 1101 1087
1087 1101 1100
1102 1101 1059
1101 1102 1059
1059 1102 1101
1103 1102 1086
1102 1103 1086
1086 1103 1102
1104 1059 23
1059 1104 23
23 1104 1059
1105 1062 19
1062 1105 19
19 1105 1062
1106 1065 15
1065 1106 15
15 1106 1065
1107 1068 11
1068 1107 11
11 1107 1068
1108 1070 7
1070 1108 7
7 1108 1070
1109 1072 3
1072 1109 3
3 1109 1072
1110 1072 3
1072 1110 3
3 1110 1072
1111 1110 1109
1110 1111 1109
1109 1111 1110
1112 1111 1070
1111 1112 1070
1070 1112 1111
1113 1112 1108
1112 1113 1108
1108 1113 1112
1114 1113 1068
1113 1114 1068
1068 1114 1113
1115 1114 1107
1114 1115 1107
1107 1115 1114
1116 1115 1065
1115 1116 1065
1065 1116 1115
1117 1116 1106
1116 1117 1106
1106 1117 1116
1118 1117 1062
1117 1118 1062
1062 1118 1117
1119 1118 1105
1118 1119 1105
1105 1119 1118
1120 1119 1059
1119 1120 1059
1059 1120 1119
1121 1120 1104
1120 1121 1104
1104 1121 1120
1122 1059 24
1059 1122 24
24 1122 1059
1123 1062 20
1062 1123 20
20 1123 1062
1124 1065 16
1065 1124 16
16 1124 1065
1125 1068 12
1068 1125 12
12 1125 1068
1126 1070 8
1070 1126 8
8 1126 1070
1127 1072 4
1072 1127 4
4 1127 1072
1128 1072 4
1072 1128 4
4 1128 1072
1129 1128 1127
1128 1129 1127
1127 1129 1128
1130 1129 1070
1129 1130 1070
1070 1130 1129
1131 1130 1126
1130 1131 1126
1126 1131 1130
1132 1131 1068
1131 1132 1068
1068 1132 1131
1133 1132 1125
1132 1133 1125
1125 1133 1132
1134 1133 1065
1133 1134 1065
1065 1134 1133
1135 1134 1124
1134 1135 1124
1124 1135 1134
1136 1135 1062
1135 1136 1062
1062 1136 1135
1137 1136 1123
1136 1137 1123
1123 1137 1136
1138 1137 1059
1137 1138 1059
1059 1138 1137
1139 1138 1122
1138 1139 1122
1122 1139 1138
1140 1083 1059
1083 1140 1059
1059 1140 1083
1141 1059 21
1059 1141 21
21 1141 1059
1142 1141 1140
1141 1142 1140
1140 1142 1141
1143 1129 1070
1129 1143 1070
1070 1143 1129
1144 1070 8
1070 1144 8
8 1144 1070
1145 1144 1143
1144 1145 1143
1143 1145 1144
1146 1131 1068
1131 1146 1068
1068 1146 1131
1147 1068 12
1068 1147 12
12 1147 1068
1148 1147 1146
1147 1148 1146
1146 1148 1147
1149 1148 1145
1148 1149 1145
1145 1149 1148
1150 1111 1070
1111 1150 1070
1070 1150 1111
1151 1070 7
1070 1151 7
7 1151 1070
1152 1151 1150
1151 1152 1150
1150 1152 1151
1153 1113 1068
1113 1153 1068
1068 1153 1113
1154 1068 11
1068 1154 11
11 1154 1068
1155 1154 1153
1154 1155 1153
1153 1155 1154
1156 1155 1152
1155 1156 1152
1152 1156 1155
1157 1148 1145
1148 1157 1145
1145 1157 1148
1158 1157 1149
1157 1158 1149
1149 1158 1157
1159 1158 1156
1158 1159 1156
1156 1159 1158
1160 1159 1149
1159 1160 1149
1149 1160 1159
1161 1093 1070
1093 1161 1070
1070 1161 1093
1162 1070 6
1070 1162 6
6 1162 1070
1163 1162 1161
1162 1163 1161
1161 1163 1162
1164 1095 1068
1095 1164 1068
1068 1164 1095
1165 1068 10
1068 1165 10
10 1165 1068
1166 1165 1164
1165 1166 1164
1164 1166 1165
1167 1166 1163
1166 1167 1163
1163 1167 1166
1168 1167 1158
1167 1168 1158
1158 1168 1167
1169 1155 1152
1155 1169 1152
1152 1169 1155
1170 1169 1156
1169 1170 1156
1156 1170 1169
1171 1170 1168
1170 1171 1168
1168 1171 1170
1172 1171 1160
1171 1172 1160
1160 1172 1171
1173 1075 1070
1075 1173 1070
1070 1173 1075
1174 1070 5
1070 1174 5
5 1174 1070
1175 1174 1173
1174 1175 1173
1173 1175 1174
1176 1077 1068
1077 1176 1068
1068 1176 1077
1177 1068 9
1068 1177 9
9 1177 1068
1178 1177 1176
1177 1178 1176
1176 1178 1177
1179 1178 1175
1178 1179 1175
1175 1179 1178
1180 1179 1158
1179 1180 1158
1158 1180 1179
1181 1180 1170
1180 1181 1170
1170 1181 1180
1182 1166 1163
1166 1182 1163
1163 1182 1166
1183 1182 1167
1182 1183 1167
1167 1183 1182
1184 1183 1181
1183 1184 1181
1181 1184 1183
1185 1184 1172
1184 1185 1172
1172 1185 1184
1186 1133 1065
1133 1186 1065
1065 1186 1133
1187 1065 16
1065 1187 16
16 1187 1065
1188 1187 1186
1187 1188 1186
1186 1188 1187
1189 1188 1148
1188 1189 1148
1148 1189 1188
1190 1115 1065
1115 1190 1065
1065 1190 1115
1191 1065 15
1065 1191 15
15 1191 1065
1192 1191 1190
1191 1192 1190
1190 1192 1191
1193 1192 1155
1192 1193 1155
1155 1193 1192
1194 1188 1148
1188 1194 1148
1148 1194 1188
1195 1194 1189
1194 1195 1189
1189 1195 1194
1196 1097 1065
1097 1196 1065
1065 1196 1097
1197 1065 14
1065 1197 14
14 1197 1065
1198 1197 1196
1197 1198 1196
1196 1198 1197
1199 1198 1166
1198 1199 1166
1166 1199 1198
1200 1192 1155
1192 1200 1155
1155 1200 1192
1201 1200 1193
1200 1201 1193
1193 1201 1200
1202 1079 1065
1079 1202 1065
1065 1202 1079
1203 1065 13
1065 1203 13
13 1203 1065
1204 1203 1202
1203 1204 1202
1202 1204 1203
1205 1198 1166
1198 1205 1166
1166 1205 1198
1206 1205 1199
1205 1206 1199
1199 1206 1205
1207 1188 1145
1188 1207 1145
1145 1207 1188
1208 1192 1152
1192 1208 1152
1152 1208 1192
1209 1188 1145
1188 1209 1145
1145 1209 1188
1210 1209 1207
1209 1210 1207
1207 1210 1209
1211 1210 1208
1210 1211 1208
1208 1211 1210
1212 1211 1207
1211 1212 1207
1207 1212 1211
1213 1198 1163
1198 1213 1163
1163 1213 1198
1214 1213 1210
1213 1214 1210
1210 1214 1213
1215 1192 1152
1192 1215 1152
1152 1215 1192
1216 1215 1208
1215 1216 1208
1208 1216 1215
1217 1216 1214
1216 1217 1214
1214 1217 1216
1218 1217 1212
1217 1218 1212
1212 1218 1217
1219 1204 1175
1204 1219 1175
1175 1219 1204
1220 1219 1210
1219 1220 1210
1210 1220 1219
1221 1220 1216
1220 1221 1216
1216 1221 1220
1222 1198 1163
1198 1222 1163
1163 1222 1198
1223 1222 1213
1222 1223 1213
1213 1223 1222
1224 1223 1221
1223 1224 1221
1221 1224 1223
1225 1224 1218
1224 1225 1218
1218 1225 1224
1226 1225 1185
1225 1226 1185
1185 1226 1225
1227 1226 1185
1226 1227 1185
1185 1227 1226
1228 1227 1226
1227 1228 1226
1226 1228 1227
1229 1226 1185
1226 1229 1185
1185 1229 1226
1230 1229 1226
1229 1230 1226
1226 1230 1229
1231 1230 1228
1230 1231 1228
1228 1231 1230
1232 1200 1195
1200 1232 1195
1195 1232 1200
1233 1232 1194
1232 1233 1194
1194 1233 1232
1234 1205 1195
1205 1234 1195
1195 1234 1205
1235 1234 1201
1234 1235 1201
1201 1235 1234
1236 1235 1233
1235 1236 1233
1233 1236 1235
1237 1204 1178
1204 1237 1178
1178 1237 1204
1238 1237 1195
1237 1238 1195
1195 1238 1237
1239 1238 1201
1238 1239 1201
1201 1239 1238
1240 1239 1206
1239 1240 1206
1206 1240 1239
1241 1240 1236
1240 1241 1236
1236 1241 1240
1242 1241 1231
1241 1242 1231
1231 1242 1241
1243 1242 1228
1242 1243 1228
1228 1243 1242
1244 1243 1242
1243 1244 1242
1242 1244 1243
1245 1242 1230
1242 1245 1230
1230 1245 1242
1246 1245 1242
1245 1246 1242
1242 1246 1245
1247 1246 1244
1246 1247 1244
1244 1247 1246
1248 1135 1062
1135 1248 1062
1062 1248 1135
1249 1062 20
1062 1249 20
20 1249 1062
1250 1249 1248
1249 1250 1248
1248 1250 1249
1251 1250 1145
1250 1251 1145
1145 1251 1250
1252 1117 1062
1117 1252 1062
1062 1252 1117
1253 1062 19
1062 1253 19
19 1253 1062
1254 1253 1252
1253 1254 1252
1252 1254 1253
1255 1254 1152
1254 1255 1152
1152 1255 1254
1256 1250 1145
1250 1256 1145
1145 1256 1250
1257 1256 1251
1256 1257 1251
1251 1257 1256
1258 1257 1255
1257 1258 1255
1255 1258 1257
1259 1258 1251
1258 1259 1251
1251 1259 1258
1260 1099 1062
1099 1260 1062
1062 1260 1099
1261 1062 18
1062 1261 18
18 1261 1062
1262 1261 1260
1261 1262 1260
1260 1262 1261
1263 1262 1163
1262 1263 1163
1163 1263 1262
1264 1263 1257
1263 1264 1257
1257 1264 1263
1265 1254 1152
1254 1265 1152
1152 1265 1254
1266 1265 1255
1265 1266 1255
1255 1266 1265
1267 1266 1264
1266 1267 1264
1264 1267 1266
1268 1267 1259
1267 1268 1259
1259 1268 1267
1269 1081 1062
1081 1269 1062
1062 1269 1081
1270 1062 17
1062 1270 17
17 1270 1062
1271 1270 1269
1270 1271 1269
1269 1271 1270
1272 1271 1175
1271 1272 1175
1175 1272 1271
1273 1272 1257
1272 1273 1257
1257 1273 1272
1274 1273 1266
1273 1274 1266
1266 1274 1273
1275 1262 1163
1262 1275 1163
1163 1275 1262
1276 1275 1263
1275 1276 1263
1263 1276 1275
1277 1276 1274
1276 1277 1274
1274 1277 1276
1278 1277 1268
1277 1278 1268
1268 1278 1277
1279 1278 1247
1278 1279 1247
1247 1279 1278
1280 1279 1244
1279 1280 1244
1244 1280 1279
1281 1279 1246
1279 1281 1246
1246 1281 1279
1282 1281 1280
1281 1282 1280
1280 1282 1281
1283 1282 1279
1282 1283 1279
1279 1283 1282
1284 1250 1148
1250 1284 1148
1148 1284 1250
1285 1254 1155
1254 1285 1155
1155 1285 1254
1286 1250 1148
1250 1286 1148
1148 1286 1250
1287 1286 1284
1286 1287 1284
1284 1287 1286
1288 1287 1285
1287 1288 1285
1285 1288 1287
1289 1288 1284
1288 1289 1284
1284 1289 1288
1290 1262 1166
1262 1290 1166
1166 1290 1262
1291 1290 1287
1290 1291 1287
1287 1291 1290
1292 1254 1155
1254 1292 1155
1155 1292 1254
1293 1292 1285
1292 1293 1285
1285 1293 1292
1294 1293 1291
1293 1294 1291
1291 1294 1293
1295 1294 1289
1294 1295 1289
1289 1295 1294
1296 1271 1178
1271 1296 1178
1178 1296 1271
1297 1296 1287
1296 1297 1287
1287 1297 1296
1298 1297 1293
1297 1298 1293
1293 1298 1297
1299 1262 1166
1262 1299 1166
1166 1299 1262
1300 1299 1290
1299 1300 1290
1290 1300 1299
1301 1300 1298
1300 1301 1298
1298 1301 1300
1302 1301 1295
1301 1302 1295
1295 1302 1301
1303 1302 1283
1302 1303 1283
1283 1303 1302
1304 1303 1279
1303 1304 1279
1279 1304 1303
1305 1304 1303
1304 1305 1303
1303 1305 1304
1306 1303 1280
1303 1306 1280
1280 1306 1303
1307 1303 1281
1303 1307 1281
1281 1307 1303
1308 1307 1306
1307 1308 1306
1306 1308 1307
1309 1308 1305
1308 1309 1305
1305 1309 1308
1310 1250 1188
1250 1310 1188
1188 1310 1250
1311 1254 1192
1254 1311 1192
1192 1311 1254
1312 1250 1188
1250 1312 1188
1188 1312 1250
1313 1312 1310
1312 1313 1310
1310 1313 1312
1314 1313 1311
1313 1314 1311
1311 1314 1313
1315 1314 1310
1314 1315 1310
1310 1315 1314
1316 1262 1198
1262 1316 1198
1198 1316 1262
1317 1316 1313
1316 1317 1313
1313 1317 1316
1318 1254 1192
1254 1318 1192
1192 1318 1254
1319 1318 1311
1318 1319 1311
1311 1319 1318
1320 1319 1317
1319 1320 1317
1317 1320 1319
1321 1320 1315
1320 1321 1315
1315 1321 1320
1322 1271 1204
1271 1322 1204
1204 1322 1271
1323 1322 1313
1322 1323 1313
1313 1323 1322
1324 1323 1319
1323 1324 1319
1319 1324 1323
1325 1262 1198
1262 1325 1198
1198 1325 1262
1326 1325 1316
1325 1326 1316
1316 1326 1325
1327 1326 1324
1326 1327 1324
1324 1327 1326
1328 1327 1321
1327 1328 1321
1321 1328 1327
1329 1328 1309
1328 1329 1309
1309 1329 1328
1330 1329 1305
1329 1330 1305
1305 1330 1329
1331 1330 1329
1330 1331 1329
1329 1331 1330
1332 1329 1306
1329 1332 1306
1306 1332 1329
1333 1329 1307
1329 1333 1307
1307 1333 1329
1334 1333 1332
1333 1334 1332
1332 1334 1333
1335 1334 1331
1334 1335 1331
1331 1335 1334
1336 1137 1059
1137 1336 1059
1059 1336 1137
1337 1059 24
1059 1337 24
24 1337 1059
1338 1337 1336
1337 1338 1336
1336 1338 1337
1339 1338 1250
1338 1339 1250
1250 1339 1338
1340 1119 1059
1119 1340 1059
1059 1340 1119
1341 1059 23
1059 1341 23
23 1341 1059
1342 1341 1340
1341 1342 1340
1340 1342 1341
1343 1342 1254
1342 1343 1254
1254 1343 1342
1344 1338 1250
1338 1344 1250
1250 1344 1338
1345 1344 1339
1344 1345 1339
1339 1345 1344
1346 1345 1343
1345 1346 1343
1343 1346 1345
1347 1346 1339
1346 1347 1339
1339 1347 1346
1348 1101 1059
1101 1348 1059
1059 1348 1101
1349 1059 22
1059 1349 22
22 1349 1059
1350 1349 1348
1349 1350 1348
1348 1350 1349
1351 1350 1262
1350 1351 1262
1262 1351 1350
1352 1351 1345
1351 1352 1345
1345 1352 1351
1353 1342 1254
1342 1353 1254
1254 1353 1342
1354 1353 1343
1353 1354 1343
1343 1354 1353
1355 1354 1352
1354 1355 1352
1352 1355 1354
1356 1355 1347
1355 1356 1347
1347 1356 1355
1357 1271 1142
1271 1357 1142
1142 1357 1271
1358 1357 1345
1357 1358 1345
1345 1358 1357
1359 1358 1354
1358 1359 1354
1354 1359 1358
1360 1350 1262
1350 1360 1262
1262 1360 1350
1361 1360 1351
1360 1361 1351
1351 1361 1360
1362 1361 1359
1361 1362 1359
1359 1362 1361
1363 1362 1356
1362 1363 1356
1356 1363 1362
1364 1363 1335
1363 1364 1335
1335 1364 1363
1365 1364 1331
1364 1365 1331
1331 1365 1364
1366 1365 1364
1365 1366 1364
1364 1366 1365
1367 1364 1332
1364 1367 1332
1332 1367 1364
1368 1364 1333
1364 1368 1333
1333 1368 1364
1369 1368 1367
1368 1369 1367
1367 1369 1368
1370 1369 1366
1369 1370 1366
1366 1370 1369
1371 1338 1145
1338 1371 1145
1145 1371 1338
1372 1342 1152
1342 1372 1152
1152 1372 1342
1373 1338 1145
1338 1373 1145
1145 1373 1338
1374 1373 1371
1373 1374 1371
1371 1374 1373
1375 1374 1372
1374 1375 1372
1372 1375 1374
1376 1375 1371
1375 1376 1371
1371 1376 1375
1377 1350 1163
1350 1377 1163
1163 1377 1350
1378 1377 1374
1377 1378 1374
1374 1378 1377
1379 1342 1152
1342 1379 1152
1152 1379 1342
1380 1379 1372
1379 1380 1372
1372 1380 1379
1381 1380 1378
1380 1381 1378
1378 1381 1380
1382 1381 1376
1381 1382 1376
1376 1382 1381
1383 1175 1142
1175 1383 1142
1142 1383 1175
1384 1383 1374
1383 1384 1374
1374 1384 1383
1385 1384 1380
1384 1385 1380
1380 1385 1384
1386 1350 1163
1350 1386 1163
1163 1386 1350
1387 1386 1377
1386 1387 1377
1377 1387 1386
1388 1387 1385
1387 1388 1385
1385 1388 1387
1389 1388 1382
1388 1389 1382
1382 1389 1388
1390 1389 1370
1389 1390 1370
1370 1390 1389
1391 1390 1366
1390 1391 1366
1366 1391 1390
1392 1391 1390
1391 1392 1390
1390 1392 1391
1393 1390 1367
1390 1393 1367
1367 1393 1390
1394 1393 1390
1393 1394 1390
1390 1394 1393
1395 1390 1368
1390 1395 1368
1368 1395 1390
1396 1395 1394
1395 1396 1394
1394 1396 1395
1397 1396 1392
1396 1397 1392
1392 1397 1396
1398 1338 1148
1338 1398 1148
1148 1398 1338
1399 1342 1155
1342 1399 1155
1155 1399 1342
1400 1338 1148
1338 1400 1148
1148 1400 1338
1401 1400 1398
1400 1401 1398
1398 1401 1400
1402 1401 1399
1401 1402 1399
1399 1402 1401
1403 1402 1398
1402 1403 1398
1398 1403 1402
1404 1350 1166
1350 1404 1166
1166 1404 1350
1405 1404 1401
1404 1405 1401
1401 1405 1404
1406 1342 1155
1342 1406 1155
1155 1406 1342
1407 1406 1399
1406 1407 1399
1399 1407 1406
1408 1407 1405
1407 1408 1405
1405 1408 1407
1409 1408 1403
1408 1409 1403
1403 1409 1408
1410 1178 1142
1178 1410 1142
1142 1410 1178
1411 1410 1401
1410 1411 1401
1401 1411 1410
1412 1411 1407
1411 1412 1407
1407 1412 1411
1413 1350 1166
1350 1413 1166
1166 1413 1350
1414 1413 1404
1413 1414 1404
1404 1414 1413
1415 1414 1412
1414 1415 1412
1412 1415 1414
1416 1415 1409
1415 1416 1409
1409 1416 1415
1417 1416 1397
1416 1417 1397
1397 1417 1416
1418 1417 1392
1417 1418 1392
1392 1418 1417
1419 1418 1417
1418 1419 1417
1417 1419 1418
1420 1417 1394
1417 1420 1394
1394 1420 1417
1421 1420 1417
1420 1421 1417
1417 1421 1420
1422 1417 1395
1417 1422 1395
1395 1422 1417
1423 1422 1421
1422 1423 1421
1421 1423 1422
1424 1423 1419
1423 1424 1419
1419 1424 1423
1425 1338 1188
1338 1425 1188
1188 1425 1338
1426 1342 1192
1342 1426 1192
1192 1426 1342
1427 1338 1188
1338 1427 1188
1188 1427 1338
1428 1427 1425
1427 1428 1425
1425 1428 1427
1429 1428 1426
1428 1429 1426
1426 1429 1428
1430 1429 1425
1429 1430 1425
1425 1430 1429
1431 1350 1198
1350 1431 1198
1198 1431 1350
1432 1431 1428
1431 1432 1428
1428 1432 1431
1433 1342 1192
1342 1433 1192
1192 1433 1342
1434 1433 1426
1433 1434 1426
1426 1434 1433
1435 1434 1432
1434 1435 1432
1432 1435 1434
1436 1435 1430
1435 1436 1430
1430 1436 1435
1437 1204 1142
1204 1437 1142
1142 1437 1204
1438 1437 1428
1437 1438 1428
1428 1438 1437
1439 1438 1434
1438 1439 1434
1434 1439 1438
1440 1350 1198
1350 1440 1198
1198 1440 1350
1441 1440 1431
1440 1441 1431
1431 1441 1440
1442 1441 1439
1441 1442 1439
1439 1442 1441
1443 1442 1436
1442 1443 1436
1436 1443 1442
1444 1443 1424
1443 1444 1424
1424 1444 1443
1445 1444 1419
1444 1445 1419
1419 1445 1444
1446 1445 1444
1445 1446 1444
1444 1446 1445
1447 1444 1421
1444 1447 1421
1421 1447 1444
1448 1447 1444
1447 1448 1444
1444 1448 1447
1449 1444 1422
1444 1449 1422
1422 1449 1444
1450 1449 1448
1449 1450 1448
1448 1450 1449
1451 1450 1446
1450 1451 1446
1446 1451 1450
1452 1353 1345
1353 1452 1345
1345 1452 1353
1453 1452 1344
1452 1453 1344
1344 1453 1452
1454 1360 1345
1360 1454 1345
1345 1454 1360
1455 1454 1354
1454 1455 1354
1354 1455 1454
1456 1455 1453
1455 1456 1453
1453 1456 1455
1457 1271 1142
1271 1457 1142
1142 1457 1271
1458 1457 1345
1457 1458 1345
1345 1458 1457
1459 1458 1354
1458 1459 1354
1354 1459 1458
1460 1459 1361
1459 1460 1361
1361 1460 1459
1461 1460 1456
1460 1461 1456
1456 1461 1460
1462 1461 1451
1461 1462 1451
1451 1462 1461
1463 1462 1446
1462 1463 1446
1446 1463 1462
1464 1463 1462
1463 1464 1462
1462 1464 1463
1465 1462 1448
1462 1465 1448
1448 1465 1462
1466 1465 1462
1465 1466 1462
1462 1466 1465
1467 1462 1449
1462 1467 1449
1449 1467 1462
1468 1467 1466
1467 1468 1466
1466 1468 1467
1469 1468 1464
1468 1469 1464
1464 1469 1468
1470 1469 1142
1469 1470 1142
1142 1470 1469
1471 1467 1466
1467 1471 1466
1466 1471 1467
1472 1471 1464
1471 1472 1464
1464 1472 1471
1473 1472 1271
1472 1473 1271
1271 1473 1472
1474 1467 1466
1467 1474 1466
1466 1474 1467
1475 1474 1464
1474 1475 1464
1464 1475 1474
1476 1475 1204
1475 1476 1204
1204 1476 1475
1477 1467 1466
1467 1477 1466
1466 1477 1467
1478 1477 1464
1477 1478 1464
1464 1478 1477
1479 1478 1178
1478 1479 1178
1178 1479 1478
1480 1468 1464
1468 1480 1464
1464 1480 1468
1481 1480 1175
1480 1481 1175
1175 1481 1480
1482 1480 1175
1480 1482 1175
1175 1482 1480
1483 1482 1481
1482 1483 1481
1481 1483 1482
1484 1483 1478
1483 1484 1478
1478 1484 1483
1485 1484 1479
1484 1485 1479
1479 1485 1484
1486 1485 1475
1485 1486 1475
1475 1486 1485
1487 1486 1476
1486 1487 1476
1476 1487 1486
1488 1487 1472
1487 1488 1472
1472 1488 1487
1489 1488 1473
1488 1489 1473
1473 1489 1488
1490 1489 1469
1489 1490 1469
1469 1490 1489
1491 1490 1470
1490 1491 1470
1470 1491 1490
1492 1469 1350
1469 1492 1350
1350 1492 1469
1493 1472 1262
1472 1493 1262
1262 1493 1472
1494 1475 1198
1475 1494 1198
1198 1494 1475
1495 1478 1166
1478 1495 1166
1166 1495 1478
1496 1480 1163
1480 1496 1163
1163 1496 1480
1497 1480 1163
1480 1497 1163
1163 1497 1480
1498 1497 1496
1497 1498 1496
1496 1498 1497
1499 1498 1478
1498 1499 1478
1478 1499 1498
1500 1499 1495
1499 1500 1495
1495 1500 1499
1501 1500 1475
1500 1501 1475
1475 1501 1500
1502 1501 1494
1501 1502 1494
1494 1502 1501
1503 1502 1472
1502 1503 1472
1472 1503 1502
1504 1503 1493
1503 1504 1493
1493 1504 1503
1505 1504 1469
1504 1505 1469
1469 1505 1504
1506 1505 1492
1505 1506 1492
1492 1506 1505
1507 1469 1342
1469 1507 1342
1342 1507 1469
1508 1472 1254
1472 1508 1254
1254 1508 1472
1509 1475 1192
1475 1509 1192
1192 1509 1475
1510 1478 1155
1478 1510 1155
1155 1510 1478
1511 1480 1152
1480 1511 1152
1152 1511 1480
1512 1480 1152
1480 1512 1152
1152 1512 1480
1513 1512 1511
1512 1513 1511
1511 1513 1512
1514 1513 1478
1513 1514 1478
1478 1514 1513
1515 1514 1510
1514 1515 1510
1510 1515 1514
1516 1515 1475
1515 1516 1475
1475 1516 1515
1517 1516 1509
1516 1517 1509
1509 1517 1516
1518 1517 1472
1517 1518 1472
1472 1518 1517
1519 1518 1508
1518 1519 1508
1508 1519 1518
1520 1519 1469
1519 1520 1469
1469 1520 1519
1521 1520 1507
1520 1521 1507
1507 1521 1520
1522 1469 1338
1469 1522 1338
1338 1522 1469
1523 1472 1250
1472 1523 1250
1250 1523 1472
1524 1475 1188
1475 1524 1188
1188 1524 1475
1525 1478 1148
1478 1525 1148
1148 1525 1478
1526 1480 1145
1480 1526 1145
1145 1526 1480
1527 1480 1145
1480 1527 1145
1145 1527 1480
1528 1527 1526
1527 1528 1526
1526 1528 1527
1529 1528 1478
1528 1529 1478
1478 1529 1528
1530 1529 1525
1529 1530 1525
1525 1530 1529
1531 1530 1475
1530 1531 1475
1475 1531 1530
1532 1531 1524
1531 1532 1524
1524 1532 1531
1533 1532 1472
1532 1533 1472
1472 1533 1532
1534 1533 1523
1533 1534 1523
1523 1534 1533
1535 1534 1469
1534 1535 1469
1469 1535 1534
1536 1535 1522
1535 1536 1522
1522 1536 1535
1537 1489 1469
1489 1537 1469
1469 1537 1489
1538 1469 1142
1469 1538 1142
1142 1538 1469
1539 1538 1537
1538 1539 1537
1537 1539 1538
1540 1528 1478
1528 1540 1478
1478 1540 1528
1541 1478 1148
1478 1541 1148
1148 1541 1478
1542 1541 1540
1541 1542 1540
1540 1542 1541
1543 1530 1475
1530 1543 1475
1475 1543 1530
1544 1475 1188
1475 1544 1188
1188 1544 1475
1545 1544 1543
1544 1545 1543
1543 1545 1544
1546 1545 1542
1545 1546 1542
1542 1546 1545
1547 1513 1478
1513 1547 1478
1478 1547 1513
1548 1478 1155
1478 1548 1155
1155 1548 1478
1549 1548 1547
1548 1549 1547
1547 1549 1548
1550 1515 1475
1515 1550 1475
1475 1550 1515
1551 1475 1192
1475 1551 1192
1192 1551 1475
1552 1551 1550
1551 1552 1550
1550 1552 1551
1553 1552 1549
1552 1553 1549
1549 1553 1552
1554 1545 1542
1545 1554 1542
1542 1554 1545
1555 1554 1546
1554 1555 1546
1546 1555 1554
1556 1555 1553
1555 1556 1553
1553 1556 1555
1557 1556 1546
1556 1557 1546
1546 1557 1556
1558 1498 1478
1498 1558 1478
1478 1558 1498
1559 1478 1166
1478 1559 1166
1166 1559 1478
1560 1559 1558
1559 1560 1558
1558 1560 1559
1561 1500 1475
1500 1561 1475
1475 1561 1500
1562 1475 1198
1475 1562 1198
1198 1562 1475
1563 1562 1561
1562 1563 1561
1561 1563 1562
1564 1563 1560
1563 1564 1560
1560 1564 1563
1565 1564 1555
1564 1565 1555
1555 1565 1564
1566 1552 1549
1552 1566 1549
1549 1566 1552
1567 1566 1553
1566 1567 1553
1553 1567 1566
1568 1567 1565
1567 1568 1565
1565 1568 1567
1569 1568 1557
1568 1569 1557
1557 1569 1568
1570 1483 1478
1483 1570 1478
1478 1570 1483
1571 1478 1178
1478 1571 1178
1178 1571 1478
1572 1571 1570
1571 1572 1570
1570 1572 1571
1573 1485 1475
1485 1573 1475
1475 1573 1485
1574 1475 1204
1475 1574 1204
1204 1574 1475
1575 1574 1573
1574 1575 1573
1573 1575 1574
1576 1575 1572
1575 1576 1572
1572 1576 1575
1577 1576 1555
1576 1577 1555
1555 1577 1576
1578 1577 1567
1577 1578 1567
1567 1578 1577
1579 1563 1560
1563 1579 1560
1560 1579 1563
1580 1579 1564
1579 1580 1564
1564 1580 1579
1581 1580 1578
1580 1581 1578
1578 1581 1580
1582 1581 1569
1581 1582 1569
1569 1582 1581
1583 1532 1472
1532 1583 1472
1472 1583 1532
1584 1472 1250
1472 1584 1250
1250 1584 1472
1585 1584 1583
1584 1585 1583
1583 1585 1584
1586 1585 1542
1585 1586 1542
1542 1586 1585
1587 1517 1472
1517 1587 1472
1472 1587 1517
1588 1472 1254
1472 1588 1254
1254 1588 1472
1589 1588 1587
1588 1589 1587
1587 1589 1588
1590 1589 1549
1589 1590 1549
1549 1590 1589
1591 1585 1542
1585 1591 1542
1542 1591 1585
1592 1591 1586
1591 1592 1586
1586 1592 1591
1593 1592 1590
1592 1593 1590
1590 1593 1592
1594 1593 1586
1593 1594 1586
1586 1594 1593
1595 1502 1472
1502 1595 1472
1472 1595 1502
1596 1472 1262
1472 1596 1262
1262 1596 1472
1597 1596 1595
1596 1597 1595
1595 1597 1596
1598 1597 1560
1597 1598 1560
1560 1598 1597
1599 1598 1592
1598 1599 1592
1592 1599 1598
1600 1589 1549
1589 1600 1549
1549 1600 1589
1601 1600 1590
1600 1601 1590
1590 1601 1600
1602 1601 1599
1601 1602 1599
1599 1602 1601
1603 1602 1594
1602 1603 1594
1594 1603 1602
1604 1487 1472
1487 1604 1472
1472 1604 1487
1605 1472 1271
1472 1605 1271
1271 1605 1472
1606 1605 1604
1605 1606 1604
1604 1606 1605
1607 1606 1572
1606 1607 1572
1572 1607 1606
1608 1607 1592
1607 1608 1592
1592 1608 1607
1609 1608 1601
1608 1609 1601
1601 1609 1608
1610 1597 1560
1597 1610 1560
1560 1610 1597
1611 1610 1598
1610 1611 1598
1598 1611 1610
1612 1611 1609
1611 1612 1609
1609 1612 1611
1613 1612 1603
1612 1613 1603
1603 1613 1612
1614 1613 1582
1613 1614 1582
1582 1614 1613
1615 1614 1582
1614 1615 1582
1582 1615 1614
1616 1615 1614
1615 1616 1614
1614 1616 1615
1617 1616 1614
1616 1617 1614
1614 1617 1616
1618 1585 1545
1585 1618 1545
1545 1618 1585
1619 1589 1552
1589 1619 1552
1552 1619 1589
1620 1585 1545
1585 1620 1545
1545 1620 1585
1621 1620 1618
1620 1621 1618
1618 1621 1620
1622 1621 1619
1621 1622 1619
1619 1622 1621
1623 1622 1618
1622 1623 1618
1618 1623 1622
1624 1597 1563
1597 1624 1563
1563 1624 1597
1625 1624 1621
1624 1625 1621
1621 1625 1624
1626 1589 1552
1589 1626 1552
1552 1626 1589
1627 1626 1619
1626 1627 1619
1619 1627 1626
1628 1627 1625
1627 1628 1625
1625 1628 1627
1629 1628 1623
1628 1629 1623
1623 1629 1628
1630 1606 1575
1606 1630 1575
1575 1630 1606
1631 1630 1621
1630 1631 1621
1621 1631 1630
1632 1631 1627
1631 1632 1627
1627 1632 1631
1633 1597 1563
1597 1633 1563
1563 1633 1597
1634 1633 1624
1633 1634 1624
1624 1634 1633
1635 1634 1632
1634 1635 1632
1632 1635 1634
1636 1635 1629
1635 1636 1629
1629 1636 1635
1637 1636 1617
1636 1637 1617
1617 1637 1636
1638 1637 1614
1637 1638 1614
1614 1638 1637
1639 1638 1637
1638 1639 1637
1637 1639 1638
1640 1637 1615
1637 1640 1615
1615 1640 1637
1641 1637 1614
1637 1641 1614
1614 1641 1637
1642 1641 1640
1641 1642 1640
1640 1642 1641
1643 1642 1639
1642 1643 1639
1639 1643 1642
1644 1534 1469
1534 1644 1469
1469 1644 1534
1645 1469 1338
1469 1645 1338
1338 1645 1469
1646 1645 1644
1645 1646 1644
1644 1646 1645
1647 1646 1585
1646 1647 1585
1585 1647 1646
1648 1519 1469
1519 1648 1469
1469 1648 1519
1649 1469 1342
1469 1649 1342
1342 1649 1469
1650 1649 1648
1649 1650 1648
1648 1650 1649
1651 1650 1589
1650 1651 1589
1589 1651 1650
1652 1646 1585
1646 1652 1585
1585 1652 1646
1653 1652 1647
1652 1653 1647
1647 1653 1652
1654 1653 1651
1653 1654 1651
1651 1654 1653
1655 1654 1647
1654 1655 1647
1647 1655 1654
1656 1504 1469
1504 1656 1469
1469 1656 1504
1657 1469 1350
1469 1657 1350
1350 1657 1469
1658 1657 1656
1657 1658 1656
1656 1658 1657
1659 1658 1597
1658 1659 1597
1597 1659 1658
1660 1659 1653
1659 1660 1653
1653 1660 1659
1661 1650 1589
1650 1661 1589
1589 1661 1650
1662 1661 1651
1661 1662 1651
1651 1662 1661
1663 1662 1660
1662 1663 1660
1660 1663 1662
1664 1663 1655
1663 1664 1655
1655 1664 1663
1665 1606 1539
1606 1665 1539
1539 1665 1606
1666 1665 1653
1665 1666 1653
1653 1666 1665
1667 1666 1662
1666 1667 1662
1662 1667 1666
1668 1658 1597
1658 1668 1597
1597 1668 1658
1669 1668 1659
1668 1669 1659
1659 1669 1668
1670 1669 1667
1669 1670 1667
1667 1670 1669
1671 1670 1664
1670 1671 1664
1664 1671 1670
1672 1671 1643
1671 1672 1643
1643 1672 1671
1673 1672 1639
1672 1673 1639
1639 1673 1672
1674 1673 1672
1673 1674 1672
1672 1674 1673
1675 1672 1640
1672 1675 1640
1640 1675 1672
1676 1672 1641
1672 1676 1641
1641 1676 1672
1677 1676 1675
1676 1677 1675
1675 1677 1676
1678 1677 1674
1677 1678 1674
1674 1678 1677
1679 1646 1542
1646 1679 1542
1542 1679 1646
1680 1650 1549
1650 1680 1549
1549 1680 1650
1681 1646 1542
1646 1681 1542
1542 1681 1646
1682 1681 1679
1681 1682 1679
1679 1682 1681
1683 1682 1680
1682 1683 1680
1680 1683 1682
1684 1683 1679
1683 1684 1679
1679 1684 1683
1685 1658 1560
1658 1685 1560
1560 1685 1658
1686 1685 1682
1685 1686 1682
1682 1686 1685
1687 1650 1549
1650 1687 1549
1549 1687 1650
1688 1687 1680
1687 1688 1680
1680 1688 1687
1689 1688 1686
1688 1689 1686
1686 1689 1688
1690 1689 1684
1689 1690 1684
1684 1690 1689
1691 1572 1539
1572 1691 1539
1539 1691 1572
1692 1691 1682
1691 1692 1682
1682 1692 1691
1693 1692 1688
1692 1693 1688
1688 1693 1692
1694 1658 1560
1658 1694 1560
1560 1694 1658
1695 1694 1685
1694 1695 1685
1685 1695 1694
1696 1695 1693
1695 1696 1693
1693 1696 1695
1697 1696 1690
1696 1697 1690
1690 1697 1696
1698 1697 1678
1697 1698 1678
1678 1698 1697
1699 1698 1674
1698 1699 1674
1674 1699 1698
1700 1699 1698
1699 1700 1698
1698 1700 1699
1701 1698 1675
1698 1701 1675
1675 1701 1698
1702 1701 1698
1701 1702 1698
1698 1702 1701
1703 1698 1676
1698 1703 1676
1676 1703 1698
1704 1703 1702
1703 1704 1702
1702 1704 1703
1705 1704 1700
1704 1705 1700
1700 1705 1704
1706 1646 1545
1646 1706 1545
1545 1706 1646
1707 1650 1552
1650 1707 1552
1552 1707 1650
1708 1646 1545
1646 1708 1545
1545 1708 1646
1709 1708 1706
1708 1709 1706
1706 1709 1708
1710 1709 1707
1709 1710 1707
1707 1710 1709
1711 1710 1706
1710 1711 1706
1706 1711 1710
1712 1658 1563
1658 1712 1563
1563 1712 1658
1713 1712 1709
1712 1713 1709
1709 1713 1712
1714 1650 1552
1650 1714 1552
1552 1714 1650
1715 1714 1707
1714 1715 1707
1707 1715 1714
1716 1715 1713
1715 1716 1713
1713 1716 1715
1717 1716 1711
1716 1717 1711
1711 1717 1716
1718 1575 1539
1575 1718 1539
1539 1718 1575
1719 1718 1709
1718 1719 1709
1709 1719 1718
1720 1719 1715
1719 1720 1715
1715 1720 1719
1721 1658 1563
1658 1721 1563
1563 1721 1658
1722 1721 1712
1721 1722 1712
1712 1722 1721
1723 1722 1720
1722 1723 1720
1720 1723 1722
1724 1723 1717
1723 1724 1717
1717 1724 1723
1725 1724 1705
1724 1725 1705
1705 1725 1724
1726 1725 1700
1725 1726 1700
1700 1726 1725
1727 1726 1725
1726 1727 1725
1725 1727 1726
1728 1725 1702
1725 1728 1702
1702 1728 1725
1729 1728 1725
1728 1729 1725
1725 1729 1728
1730 1725 1703
1725 1730 1703
1703 1730 1725
1731 1730 1729
1730 1731 1729
1729 1731 1730
1732 1731 1727
1731 1732 1727
1727 1732 1731
1733 1661 1653
1661 1733 1653
1653 1733 1661
1734 1733 1652
1733 1734 1652
1652 1734 1733
1735 1668 1653
1668 1735 1653
1653 1735 1668
1736 1735 1662
1735 1736 1662
1662 1736 1735
1737 1736 1734
1736 1737 1734
1734 1737 1736
1738 1606 1539
1606 1738 1539
1539 1738 1606
1739 1738 1653
1738 1739 1653
1653 1739 1738
1740 1739 1662
1739 1740 1662
1662 1740 1739
1741 1740 1669
1740 1741 1669
1669 1741 1740
1742 1741 1737
1741 1742 1737
1737 1742 1741
1743 1742 1732
1742 1743 1732
1732 1743 1742
1744 1743 1727
1743 1744 1727
1727 1744 1743
1745 1744 1743
1744 1745 1743
1743 1745 1744
1746 1743 1729
1743 1746 1729
1729 1746 1743
1747 1746 1743
1746 1747 1743
1743 1747 1746
1748 1743 1730
1743 1748 1730
1730 1748 1743
1749 1748 1747
1748 1749 1747
1747 1749 1748
1750 1749 1745
1749 1750 1745
1745 1750 1749
1751 1750 1539
1750 1751 1539
1539 1751 1750
1752 1748 1747
1748 1752 1747
1747 1752 1748
1753 1752 1745
1752 1753 1745
1745 1753 1752
1754 1753 1606
1753 1754 1606
1606 1754 1753
1755 1748 1747
1748 1755 1747
1747 1755 1748
1756 1755 1745
1755 1756 1745
1745 1756 1755
1757 1756 1575
1756 1757 1575
1575 1757 1756
1758 1748 1747
1748 1758 1747
1747 1758 1748
1759 1758 1745
1758 1759 1745
1745 1759 1758
1760 1759 1572
1759 1760 1572
1572 1760 1759
1761 1759 1572
1759 1761 1572
1572 1761 1759
1762 1761 1760
1761 1762 1760
1760 1762 1761
1763 1762 1756
1762 1763 1756
1756 1763 1762
1764 1763 1757
1763 1764 1757
1757 1764 1763
1765 1764 1753
1764 1765 1753
1753 1765 1764
1766 1765 1754
1765 1766 1754
1754 1766 1765
1767 1766 1750
1766 1767 1750
1750 1767 1766
1768 1767 1751
1767 1768 1751
1751 1768 1767
1769 1750 1658
1750 1769 1658
1658 1769 1750
1770 1753 1597
1753 1770 1597
1597 1770 1753
1771 1756 1563
1756 1771 1563
1563 1771 1756
1772 1759 1560
1759 1772 1560
1560 1772 1759
1773 1759 1560
1759 1773 1560
1560 1773 1759
1774 1773 1772
1773 1774 1772
1772 1774 1773
1775 1774 1756
1774 1775 1756
1756 1775 1774
1776 1775 1771
1775 1776 1771
1771 1776 1775
1777 1776 1753
1776 1777 1753
1753 1777 1776
1778 1777 1770
1777 1778 1770
1770 1778 1777
1779 1778 1750
1778 1779 1750
1750 1779 1778
1780 1779 1769
1779 1780 1769
1769 1780 1779
1781 1750 1650
1750 1781 1650
1650 1781 1750
1782 1753 1589
1753 1782 1589
1589 1782 1753
1783 1756 1552
1756 1783 1552
1552 1783 1756
1784 1759 1549
1759 1784 1549
1549 1784 1759
1785 1759 1549
1759 1785 1549
1549 1785 1759
1786 1785 1784
1785 1786 1784
1784 1786 1785
1787 1786 1756
1786 1787 1756
1756 1787 1786
1788 1787 1783
1787 1788 1783
1783 1788 1787
1789 1788 1753
1788 1789 1753
1753 1789 1788
1790 1789 1782
1789 1790 1782
1782 1790 1789
1791 1790 1750
1790 1791 1750
1750 1791 1790
1792 1791 1781
1791 1792 1781
1781 1792 1791
1793 1750 1646
1750 1793 1646
1646 1793 1750
1794 1753 1585
1753 1794 1585
1585 1794 1753
1795 1756 1545
1756 1795 1545
1545 1795 1756
1796 1759 1542
1759 1796 1542
1542 1796 1759
1797 1759 1542
1759 1797 1542
1542 1797 1759
1798 1797 1796
1797 1798 1796
1796 1798 1797
1799 1798 1756
1798 1799 1756
1756 1799 1798
1800 1799 1795
1799 1800 1795
1795 1800 1799
1801 1800 1753
1800 1801 1753
1753 1801 1800
1802 1801 1794
1801 1802 1794
1794 1802 1801
1803 1802 1750
1802 1803 1750
1750 1803 1802
1804 1803 1793
1803 1804 1793
1793 1804 1803
1805 1766 1750
1766 1805 1750
1750 1805 1766
1806 1750 1539
1750 1806 1539
1539 1806 1750
1807 1806 1805
1806 1807 1805
1805 1807 1806
1808 1798 1756
1798 1808 1756
1756 1808 1798
1809 1756 1545
1756 1809 1545
1545 1809 1756
1810 1809 1808
1809 1810 1808
1808 1810 1809
1811 1800 1753
1800 1811 1753
1753 1811 1800
1812 1753 1585
1753 1812 1585
1585 1812 1753
1813 1812 1811
1812 1813 1811
1811 1813 1812
1814 1813 1810
1813 1814 1810
1810 1814 1813
1815 1786 1756
1786 1815 1756
1756 1815 1786
1816 1756 1552
1756 1816 1552
1552 1816 1756
1817 1816 1815
1816 1817 1815
1815 1817 1816
1818 1788 1753
1788 1818 1753
1753 1818 1788
1819 1753 1589
1753 1819 1589
1589 1819 1753
1820 1819 1818
1819 1820 1818
1818 1820 1819
1821 1820 1817
1820 1821 1817
1817 1821 1820
1822 1813 1810
1813 1822 1810
1810 1822 1813
1823 1822 1814
1822 1823 1814
1814 1823 1822
1824 1823 1821
1823 1824 1821
1821 1824 1823
1825 1824 1814
1824 1825 1814
1814 1825 1824
1826 1774 1756
1774 1826 1756
1756 1826 1774
1827 1756 1563
1756 1827 1563
1563 1827 1756
1828 1827 1826
1827 1828 1826
1826 1828 1827
1829 1776 1753
1776 1829 1753
1753 1829 1776
1830 1753 1597
1753 1830 1597
1597 1830 1753
1831 1830 1829
1830 1831 1829
1829 1831 1830
1832 1831 1828
1831 1832 1828
1828 1832 1831
1833 1832 1823
1832 1833 1823
1823 1833 1832
1834 1820 1817
1820 1834 1817
1817 1834 1820
1835 1834 1821
1834 1835 1821
1821 1835 1834
1836 1835 1833
1835 1836 1833
1833 1836 1835
1837 1836 1825
1836 1837 1825
1825 1837 1836
1838 1762 1756
1762 1838 1756
1756 1838 1762
1839 1756 1575
1756 1839 1575
1575 1839 1756
1840 1839 1838
1839 1840 1838
1838 1840 1839
1841 1764 1753
1764 1841 1753
1753 1841 1764
1842 1753 1606
1753 1842 1606
1606 1842 1753
1843 1842 1841
1842 1843 1841
1841 1843 1842
1844 1843 1840
1843 1844 1840
1840 1844 1843
1845 1844 1823
1844 1845 1823
1823 1845 1844
1846 1845 1835
1845 1846 1835
1835 1846 1845
1847 1831 1828
1831 1847 1828
1828 1847 1831
1848 1847 1832
1847 1848 1832
1832 1848 1847
1849 1848 1846
1848 1849 1846
1846 1849 1848
1850 1849 1837
1849 1850 1837
1837 1850 1849
1851 1802 1750
1802 1851 1750
1750 1851 1802
1852 1750 1646
1750 1852 1646
1646 1852 1750
1853 1852 1851
1852 1853 1851
1851 1853 1852
1854 1853 1813
1853 1854 1813
1813 1854 1853
1855 1790 1750
1790 1855 1750
1750 1855 1790
1856 1750 1650
1750 1856 1650
1650 1856 1750
1857 1856 1855
1856 1857 1855
1855 1857 1856
1858 1857 1820
1857 1858 1820
1820 1858 1857
1859 1853 1813
1853 1859 1813
1813 1859 1853
1860 1859 1854
1859 1860 1854
1854 1860 1859
1861 1778 1750
1778 1861 1750
1750 1861 1778
1862 1750 1658
1750 1862 1658
1658 1862 1750
1863 1862 1861
1862 1863 1861
1861 1863 1862
1864 1863 1831
1863 1864 1831
1831 1864 1863
1865 1857 1820
1857 1865 1820
1820 1865 1857
1866 1865 1858
1865 1866 1858
1858 1866 1865
1867 1863 1831
1863 1867 1831
1831 1867 1863
1868 1867 1864
1867 1868 1864
1864 1868 1867
1869 1853 1810
1853 1869 1810
1810 1869 1853
1870 1857 1817
1857 1870 1817
1817 1870 1857
1871 1853 1810
1853 1871 1810
1810 1871 1853
1872 1871 1869
1871 1872 1869
1869 1872 1871
1873 1872 1870
1872 1873 1870
1870 1873 1872
1874 1873 1869
1873 1874 1869
1869 1874 1873
1875 1863 1828
1863 1875 1828
1828 1875 1863
1876 1875 1872
1875 1876 1872
1872 1876 1875
1877 1857 1817
1857 1877 1817
1817 1877 1857
1878 1877 1870
1877 1878 1870
1870 1878 1877
1879 1878 1876
1878 1879 1876
1876 1879 1878
1880 1879 1874
1879 1880 1874
1874 1880 1879
1881 1840 1807
1840 1881 1807
1807 1881 1840
1882 1881 1872
1881 1882 1872
1872 1882 1881
1883 1882 1878
1882 1883 1878
1878 1883 1882
1884 1863 1828
1863 1884 1828
1828 1884 1863
1885 1884 1875
1884 1885 1875
1875 1885 1884
1886 1885 1883
1885 1886 1883
1883 1886 1885
1887 1886 1880
1886 1887 1880
1880 1887 1886
1888 1887 1850
1887 1888 1850
1850 1888 1887
1889 1888 1850
1888 1889 1850
1850 1889 1888
1890 1889 1888
1889 1890 1888
1888 1890 1889
1891 1888 1850
1888 1891 1850
1850 1891 1888
1892 1891 1888
1891 1892 1888
1888 1892 1891
1893 1892 1891
1892 1893 1891
1891 1893 1892
1894 1893 1890
1893 1894 1890
1890 1894 1893
1895 1865 1860
1865 1895 1860
1860 1895 1865
1896 1895 1859
1895 1896 1859
1859 1896 1895
1897 1867 1860
1867 1897 1860
1860 1897 1867
1898 1897 1866
1897 1898 1866
1866 1898 1897
1899 1898 1896
1898 1899 1896
1896 1899 1898
1900 1843 1807
1843 1900 1807
1807 1900 1843
1901 1900 1860
1900 1901 1860
1860 1901 1900
1902 1901 1866
1901 1902 1866
1866 1902 1901
1903 1902 1868
1902 1903 1868
1868 1903 1902
1904 1903 1899
1903 1904 1899
1899 1904 1903
1905 1904 1894
1904 1905 1894
1894 1905 1904
1906 1905 1890
1905 1906 1890
1890 1906 1905
1907 1906 1905
1906 1907 1905
1905 1907 1906
1908 1905 1892
1905 1908 1892
1892 1908 1905
1909 1908 1905
1908 1909 1905
1905 1909 1908
1910 1905 1891
1905 1910 1891
1891 1910 1905
1911 1910 1909
1910 1911 1909
1909 1911 1910
1912 1911 1907
1911 1912 1907
1907 1912 1911
1913 1912 1807
1912 1913 1807
1807 1913 1912
1914 1910 1909
1910 1914 1909
1909 1914 1910
1915 1914 1907
1914 1915 1907
1907 1915 1914
1916 1915 1843
1915 1916 1843
1843 1916 1915
1917 1910 1909
1910 1917 1909
1909 1917 1910
1918 1917 1907
1917 1918 1907
1907 1918 1917
1919 1918 1840
1918 1919 1840
1840 1919 1918
1920 1918 1840
1918 1920 1840
1840 1920 1918
1921 1920 1919
1920 1921 1919
1919 1921 1920
1922 1921 1915
1921 1922 1915
1915 1922 1921
1923 1922 1916
1922 1923 1916
1916 1923 1922
1924 1923 1912
1923 1924 1912
1912 1924 1923
1925 1924 1913
1924 1925 1913
1913 1925 1924
1926 1912 1863
1912 1926 1863
1863 1926 1912
1927 1915 1831
1915 1927 1831
1831 1927 1915
1928 1918 1828
1918 1928 1828
1828 1928 1918
1929 1918 1828
1918 1929 1828
1828 1929 1918
1930 1929 1928
1929 1930 1928
1928 1930 1929
1931 1930 1915
1930 1931 1915
1915 1931 1930
1932 1931 1927
1931 1932 1927
1927 1932 1931
1933 1932 1912
1932 1933 1912
1912 1933 1932
1934 1933 1926
1933 1934 1926
1926 1934 1933
1935 1912 1857
1912 1935 1857
1857 1935 1912
1936 1915 1820
1915 1936 1820
1820 1936 1915
1937 1918 1817
1918 1937 1817
1817 1937 1918
1938 1918 1817
1918 1938 1817
1817 1938 1918
1939 1938 1937
1938 1939 1937
1937 1939 1938
1940 1939 1915
1939 1940 1915
1915 1940 1939
1941 1940 1936
1940 1941 1936
1936 1941 1940
1942 1941 1912
1941 1942 1912
1912 1942 1941
1943 1942 1935
1942 1943 1935
1935 1943 1942
1944 1912 1853
1912 1944 1853
1853 1944 1912
1945 1915 1813
1915 1945 1813
1813 1945 1915
1946 1918 1810
1918 1946 1810
1810 1946 1918
1947 1918 1810
1918 1947 1810
1810 1947 1918
1948 1947 1946
1947 1948 1946
1946 1948 1947
1949 1948 1915
1948 1949 1915
1915 1949 1948
1950 1949 1945
1949 1950 1945
1945 1950 1949
1951 1950 1912
1950 1951 1912
1912 1951 1950
1952 1951 1944
1951 1952 1944
1944 1952 1951
1953 1923 1912
1923 1953 1912
1912 1953 1923
1954 1912 1807
1912 1954 1807
1807 1954 1912
1955 1954 1953
1954 1955 1953
1953 1955 1954
1956 1948 1915
1948 1956 1915
1915 1956 1948
1957 1915 1813
1915 1957 1813
1813 1957 1915
1958 1957 1956
1957 1958 1956
1956 1958 1957
1959 1950 1912
1950 1959 1912
1912 1959 1950
1960 1912 1853
1912 1960 1853
1853 1960 1912
1961 1960 1959
1960 1961 1959
1959 1961 1960
1962 1961 1958
1961 1962 1958
1958 1962 1961
1963 1939 1915
1939 1963 1915
1915 1963 1939
1964 1915 1820
1915 1964 1820
1820 1964 1915
1965 1964 1963
1964 1965 1963
1963 1965 1964
1966 1941 1912
1941 1966 1912
1912 1966 1941
1967 1912 1857
1912 1967 1857
1857 1967 1912
1968 1967 1966
1967 1968 1966
1966 1968 1967
1969 1968 1965
1968 1969 1965
1965 1969 1968
1970 1961 1958
1961 1970 1958
1958 1970 1961
1971 1970 1962
1970 1971 1962
1962 1971 1970
1972 1971 1969
1971 1972 1969
1969 1972 1971
1973 1972 1962
1972 1973 1962
1962 1973 1972
1974 1930 1915
1930 1974 1915
1915 1974 1930
1975 1915 1831
1915 1975 1831
1831 1975 1915
1976 1975 1974
1975 1976 1974
1974 1976 1975
1977 1932 1912
1932 1977 1912
1912 1977 1932
1978 1912 1863
1912 1978 1863
1863 1978 1912
1979 1978 1977
1978 1979 1977
1977 1979 1978
1980 1979 1976
1979 1980 1976
1976 1980 1979
1981 1980 1971
1980 1981 1971
1971 1981 1980
1982 1968 1965
1968 1982 1965
1965 1982 1968
1983 1982 1969
1982 1983 1969
1969 1983 1982
1984 1983 1981
1983 1984 1981
1981 1984 1983
1985 1984 1973
1984 1985 1973
1973 1985 1984
1986 1921 1915
1921 1986 1915
1915 1986 1921
1987 1915 1843
1915 1987 1843
1843 1987 1915
1988 1987 1986
1987 1988 1986
1986 1988 1987
1989 1988 1955
1988 1989 1955
1955 1989 1988
1990 1989 1971
1989 1990 1971
1971 1990 1989
1991 1990 1983
1990 1991 1983
1983 1991 1990
1992 1979 1976
1979 1992 1976
1976 1992 1979
1993 1992 1980
1992 1993 1980
1980 1993 1992
1994 1993 1991
1993 1994 1991
1991 1994 1993
1995 1994 1985
1994 1995 1985
1985 1995 1994
1996 1995 1955
1995 1996 1955
1955 1996 1995
1997 1995 1988
1995 1997 1988
1988 1997 1995
1998 1995 1988
1995 1998 1988
1988 1998 1995
1999 1998 1997
1998 1999 1997
1997 1999 1998
2000 1999 1995
1999 2000 1995
1995 2000 1999
2001 2000 1996
2000 2001 1996
1996 2001 2000
2002 1995 1979
1995 2002 1979
1979 2002 1995
2003 1995 1976
1995 2003 1976
1976 2003 1995
2004 1995 1976
1995 2004 1976
1976 2004 1995
2005 2004 2003
2004 2005 2003
2003 2005 2004
2006 2005 1995
2005 2006 1995
1995 2006 2005
2007 2006 2002
2006 2007 2002
2002 2007 2006
2008 1995 1968
1995 2008 1968
1968 2008 1995
2009 1995 1965
1995 2009 1965
1965 2009 1995
2010 1995 1965
1995 2010 1965
1965 2010 1995
2011 2010 2009
2010 2011 2009
2009 2011 2010
2012 2011 1995
2011 2012 1995
1995 2012 2011
2013 2012 2008
2012 2013 2008
2008 2013 2012
2014 1995 1961
1995 2014 1961
1961 2014 1995
2015 1995 1958
1995 2015 1958
1958 2015 1995
2016 1995 1958
1995 2016 1958
1958 2016 1995
2017 2016 2015
2016 2017 2015
2015 2017 2016
2018 2017 1995
2017 2018 1995
1995 2018 2017
2019 2018 2014
2018 2019 2014
2014 2019 2018
2020 1999 1995
1999 2020 1995
1995 2020 1999
2021 1995 1955
1995 2021 1955
1955 2021 1995
2022 2021 2020
2021 2022 2020
2020 2022 2021
2023 2005 1995
2005 2023 1995
1995 2023 2005
2024 1995 1979
1995 2024 1979
1979 2024 1995
2025 2024 2023
2024 2025 2023
2023 2025 2024
2026 2011 1995
2011 2026 1995
1995 2026 2011
2027 1995 1968
1995 2027 1968
1968 2027 1995
2028 2027 2026
2027 2028 2026
2026 2028 2027
2029 2017 1995
2017 2029 1995
1995 2029 2017
2030 1995 1961
1995 2030 1961
1961 2030 1995
2031 2030 2029
2030 2031 2029
2029 2031 2030
2032 1085 600
1085 2032 600
600 2032 1085
2033 1085 600
1085 2033 600
600 2033 1085
2034 2033 2032
2033 2034 2032
2032 2034 2033
2035 1103 603
1103 2035 603
603 2035 1103
2036 1103 603
1103 2036 603
603 2036 1103
2037 2036 2035
2036 2037 2035
2035 2037 2036
2038 1121 606
1121 2038 606
606 2038 1121
2039 1121 606
1121 2039 606
606 2039 1121
2040 2039 2038
2039 2040 2038
2038 2040 2039
2041 1139 609
1139 2041 609
609 2041 1139
2042 1139 609
1139 2042 609
609 2042 1139
2043 2042 2041
2042 2043 2041
2041 2043 2042
2044 1491 612
1491 2044 612
612 2044 1491
2045 1491 612
1491 2045 612
612 2045 1491
2046 2045 2044
2045 2046 2044
2044 2046 2045
2047 1506 615
1506 2047 615
615 2047 1506
2048 1506 615
1506 2048 615
615 2048 1506
2049 2048 2047
2048 2049 2047
2047 2049 2048
2050 1521 618
1521 2050 618
618 2050 1521
2051 1521 618
1521 2051 618
618 2051 1521
2052 2051 2050
2051 2052 2050
2050 2052 2051
2053 1536 621
1536 2053 621
621 2053 1536
2054 1536 621
1536 2054 621
621 2054 1536
2055 2054 2053
2054 2055 2053
2053 2055 2054
2056 1768 624
1768 2056 624
624 2056 1768
2057 1768 624
1768 2057 624
624 2057 1768
2058 2057 2056
2057 2058 2056
2056 2058 2057
2059 1780 627
1780 2059 627
627 2059 1780
2060 1780 627
1780 2060 627
627 2060 1780
2061 2060 2059
2060 2061 2059
2059 2061 2060
2062 1792 630
1792 2062 630
630 2062 1792
2063 1792 630
1792 2063 630
630 2063 1792
2064 2063 2062
2063 2064 2062
2062 2064 2063
2065 1804 633
1804 2065 633
633 2065 1804
2066 1804 633
1804 2066 633
633 2066 1804
2067 2066 2065
2066 2067 2065
2065 2067 2066
2068 1925 636
1925 2068 636
636 2068 1925
2069 1925 636
1925 2069 636
636 2069 1925
2070 2069 2068
2069 2070 2068
2068 2070 2069
2071 1934 639
1934 2071 639
639 2071 1934
2072 1934 639
1934 2072 639
639 2072 1934
2073 2072 2071
2072 2073 2071
2071 2073 2072
2074 1943 642
1943 2074 642
642 2074 1943
2075 1943 642
1943 2075 642
642 2075 1943
2076 2075 2074
2075 2076 2074
2074 2076 2075
2077 1952 645
1952 2077 645
645 2077 1952
2078 1952 645
1952 2078 645
645 2078 1952
2079 2078 2077
2078 2079 2077
2077 2079 2078
2080 2001 648
2001 2080 648
648 2080 2001
2081 2001 648
2001 2081 648
648 2081 2001
2082 2081 2080
2081 2082 2080
2080 2082 2081
2083 2007 651
2007 2083 651
651 2083 2007
2084 2007 651
2007 2084 651
651 2084 2007
2085 2084 2083
2084 2085 2083
2083 2085 2084
2086 2013 654
2013 2086 654
654 2086 2013
2087 2013 654
2013 2087 654
654 2087 2013
2088 2087 2086
2087 2088 2086
2086 2088 2087
2089 2019 657
2019 2089 657
657 2089 2019
2090 2019 657
2019 2090 657
657 2090 2019
2091 2090 2089
2090 2091 2089
2089 2091 2090
2092 2022 660
2022 2092 660
660 2092 2022
2093 2022 660
2022 2093 660
660 2093 2022
2094 2093 2092
2093 2094 2092
2092 2094 2093
2095 2025 663
2025 2095 663
663 2095 2025
2096 2025 663
2025 2096 663
663 2096 2025
2097 2096 2095
2096 2097 2095
2095 2097 2096
2098 2028 666
2028 2098 666
666 2098 2028
2099 2028 666
2028 2099 666
666 2099 2028
2100 2099 2098
2099 2100 2098
2098 2100 2099
2101 2031 669
2031 2101 669
669 2101 2031
2102 2031 669
2031 2102 669
669 2102 2031
2103 2102 2101
2102 2103 2101
2101 2103 2102
2104 2040 2037
2040 2104 2037
2037 2104 2040
2105 2104 2034
2104 2105 2034
2034 2105 2104
2106 2049 2046
2049 2106 2046
2046 2106 2049
2107 2106 2043
2106 2107 2043
2043 2107 2106
2108 2107 2105
2107 2108 2105
2105 2108 2107
2109 2058 2055
2058 2109 2055
2055 2109 2058
2110 2109 2052
2109 2110 2052
2052 2110 2109
2111 2067 2064
2067 2111 2064
2064 2111 2067
2112 2111 2061
2111 2112 2061
2061 2112 2111
2113 2112 2110
2112 2113 2110
2110 2113 2112
2114 2113 2108
2113 2114 2108
2108 2114 2113
2115 2076 2073
2076 2115 2073
2073 2115 2076
2116 2115 2070
2115 2116 2070
2070 2116 2115
2117 2085 2082
2085 2117 2082
2082 2117 2085
2118 2117 2079
2117 2118 2079
2079 2118 2117
2119 2118 2116
2118 2119 2116
2116 2119 2118
2120 2094 2091
2094 2120 2091
2091 2120 2094
2121 2120 2088
2120 2121 2088
2088 2121 2120
2122 2103 2100
2103 2122 2100
2100 2122 2103
2123 2122 2097
2122 2123 2097
2097 2123 2122
2124 2123 2121
2123 2124 2121
2121 2124 2123
2125 2124 2119
2124 2125 2119
2119 2125 2124
2126 2125 2114
2125 2126 2114
2114 2126 2125
