29 14 7
30 13 6
31 14 7
32 31 29
33 32 30
34 33 29
35 12 5
36 35 32
37 13 6
38 37 30
39 38 36
40 39 34
41 11 4
42 41 32
43 42 38
44 12 5
45 44 35
46 45 43
47 46 40
48 10 3
49 48 32
50 49 38
51 50 45
52 11 4
53 52 41
54 53 51
55 54 47
56 9 2
57 56 32
58 57 38
59 58 45
60 59 53
61 10 3
62 61 48
63 62 60
64 63 55
65 8 1
66 65 32
67 66 38
68 67 45
69 68 53
70 69 62
71 9 2
72 71 56
73 72 70
74 73 64
75 21 7
76 20 6
77 21 7
78 77 75
79 78 76
80 79 75
81 19 5
82 81 78
83 20 6
84 83 76
85 84 82
86 85 80
87 18 4
88 87 78
89 88 84
90 19 5
91 90 81
92 91 89
93 92 86
94 17 3
95 94 78
96 95 84
97 96 91
98 18 4
99 98 87
100 99 97
101 100 93
102 16 2
103 102 78
104 103 84
105 104 91
106 105 99
107 17 3
108 107 94
109 108 106
110 109 101
111 15 1
112 111 78
113 112 84
114 113 91
115 114 99
116 115 108
117 16 2
118 117 102
119 118 116
120 119 110
121 120 74
122 121 74
123 122 121
124 21 14
125 20 13
126 21 14
127 126 124
128 127 125
129 128 124
130 19 12
131 130 127
132 20 13
133 132 125
134 133 131
135 134 129
136 18 11
137 136 127
138 137 133
139 19 12
140 139 130
141 140 138
142 141 135
143 17 10
144 143 127
145 144 133
146 145 140
147 18 11
148 147 136
149 148 146
150 149 142
151 16 9
152 151 127
153 152 133
154 153 140
155 154 148
156 17 10
157 156 143
158 157 155
159 158 150
160 15 8
161 160 127
162 161 133
163 162 140
164 163 148
165 164 157
166 16 9
167 166 151
168 167 165
169 168 159
170 169 123
171 170 122
172 170 121
173 172 170
174 173 171
175 28 21
176 27 20
177 28 21
178 177 175
179 178 176
180 179 175
181 26 19
182 181 178
183 27 20
184 183 176
185 184 182
186 185 180
187 25 18
188 187 178
189 188 184
190 26 19
191 190 181
192 191 189
193 192 186
194 24 17
195 194 178
196 195 184
197 196 191
198 25 18
199 198 187
200 199 197
201 200 193
202 23 16
203 202 178
204 203 184
205 204 191
206 205 199
207 24 17
208 207 194
209 208 206
210 209 201
211 22 15
212 211 178
213 212 184
214 213 191
215 214 199
216 215 208
217 23 16
218 217 202
219 218 216
220 219 210
221 220 174
222 221 171
223 221 173
224 223 221
225 224 222
226 28 7
227 27 6
228 28 7
229 228 226
230 229 227
231 230 226
232 26 5
233 232 229
234 27 6
235 234 227
236 235 233
237 236 231
238 25 4
239 238 229
240 239 235
241 26 5
242 241 232
243 242 240
244 243 237
245 24 3
246 245 229
247 246 235
248 247 242
249 25 4
250 249 238
251 250 248
252 251 244
253 23 2
254 253 229
255 254 235
256 255 242
257 256 250
258 24 3
259 258 245
260 259 257
261 260 252
262 22 1
263 262 229
264 263 235
265 264 242
266 265 250
267 266 259
268 23 2
269 268 253
270 269 267
271 270 261
272 271 225
273 272 222
274 273 272
275 272 224
276 275 272
277 276 274
278 28 14
279 27 13
280 28 14
281 280 278
282 281 279
283 282 278
284 26 12
285 284 281
286 27 13
287 286 279
288 287 285
289 288 283
290 25 11
291 290 281
292 291 287
293 26 12
294 293 284
295 294 292
296 295 289
297 24 10
298 297 281
299 298 287
300 299 294
301 25 11
302 301 290
303 302 300
304 303 296
305 23 9
306 305 281
307 306 287
308 307 294
309 308 302
310 24 10
311 310 297
312 311 309
313 312 304
314 22 8
315 314 281
316 315 287
317 316 294
318 317 302
319 318 311
320 23 9
321 320 305
322 321 319
323 322 313
324 323 277
325 324 274
326 325 324
327 324 276
328 327 324
329 328 326
330 183 178
331 330 177
332 190 178
333 332 184
334 333 331
335 198 178
336 335 184
337 336 191
338 337 334
339 207 178
340 339 184
341 340 191
342 341 199
343 342 338
344 217 178
345 344 184
346 345 191
347 346 199
348 347 208
349 348 343
350 22 15
351 350 178
352 351 184
353 352 191
354 353 199
355 354 208
356 355 218
357 356 349
358 357 329
359 358 326
360 359 358
361 358 328
362 361 358
363 362 360
364 363 22
365 362 360
366 365 15
367 362 360
368 367 8
369 367 1
370 369 368
371 370 365
372 371 366
373 372 363
374 373 364
375 363 28
376 365 21
377 367 14
378 367 7
379 378 377
380 379 365
381 380 376
382 381 363
383 382 375
384 379 365
385 365 21
386 385 384
387 386 363
388 367 7
389 367 14
390 389 388
391 390 365
392 390 365
393 392 391
394 393 363
395 394 387
396 395 383
397 363 27
398 365 20
399 367 13
400 367 6
401 400 399
402 401 365
403 402 398
404 403 363
405 404 397
406 401 365
407 365 20
408 407 406
409 408 363
410 367 6
411 367 13
412 411 410
413 412 365
414 412 365
415 414 413
416 415 363
417 416 409
418 417 405
419 395 383
420 419 396
421 420 418
422 421 396
423 363 26
424 365 19
425 367 12
426 367 5
427 426 425
428 427 365
429 428 424
430 429 363
431 430 423
432 427 365
433 365 19
434 433 432
435 434 363
436 367 5
437 367 12
438 437 436
439 438 365
440 438 365
441 440 439
442 441 363
443 442 435
444 443 431
445 444 420
446 417 405
447 446 418
448 447 445
449 448 422
450 363 25
451 365 18
452 367 11
453 367 4
454 453 452
455 454 365
456 455 451
457 456 363
458 457 450
459 454 365
460 365 18
461 460 459
462 461 363
463 367 4
464 367 11
465 464 463
466 465 365
467 465 365
468 467 466
469 468 363
470 469 462
471 470 458
472 471 420
473 472 447
474 443 431
475 474 444
476 475 473
477 476 449
478 363 24
479 365 17
480 367 10
481 367 3
482 481 480
483 482 365
484 483 479
485 484 363
486 485 478
487 482 365
488 365 17
489 488 487
490 489 363
491 367 3
492 367 10
493 492 491
494 493 365
495 493 365
496 495 494
497 496 363
498 497 490
499 498 486
500 499 420
501 500 447
502 501 475
503 470 458
504 503 471
505 504 502
506 505 477
507 363 23
508 365 16
509 367 9
510 367 2
511 510 509
512 511 365
513 512 508
514 513 363
515 514 507
516 511 365
517 365 16
518 517 516
519 518 363
520 367 2
521 367 9
522 521 520
523 522 365
524 522 365
525 524 523
526 525 363
527 526 519
528 527 515
529 528 420
530 529 447
531 530 475
532 531 504
533 498 486
534 533 499
535 534 532
536 535 506
537 370 365
538 365 15
539 538 537
540 539 363
541 367 1
542 367 8
543 542 541
544 543 365
545 543 365
546 545 544
547 546 363
548 547 540
549 548 374
550 549 420
551 550 447
552 551 475
553 552 504
554 553 534
555 527 515
556 555 528
557 556 554
558 557 536
559 393 363
560 386 363
561 560 559
562 561 383
563 415 363
564 408 363
565 564 563
566 565 405
567 561 383
568 567 562
569 568 566
570 569 562
571 441 363
572 434 363
573 572 571
574 573 431
575 574 568
576 565 405
577 576 566
578 577 575
579 578 570
580 468 363
581 461 363
582 581 580
583 582 458
584 583 568
585 584 577
586 573 431
587 586 574
588 587 585
589 588 579
590 496 363
591 489 363
592 591 590
593 592 486
594 593 568
595 594 577
596 595 587
597 582 458
598 597 583
599 598 596
600 599 589
601 525 363
602 518 363
603 602 601
604 603 515
605 604 568
606 605 577
607 606 587
608 607 598
609 592 486
610 609 593
611 610 608
612 611 600
613 546 363
614 539 363
615 614 613
616 615 374
617 616 568
618 617 577
619 618 587
620 619 598
621 620 610
622 603 515
623 622 604
624 623 621
625 624 612
626 625 558
627 626 558
628 627 626
629 561 395
630 565 417
631 561 395
632 631 629
633 632 630
634 633 629
635 573 443
636 635 632
637 565 417
638 637 630
639 638 636
640 639 634
641 582 470
642 641 632
643 642 638
644 573 443
645 644 635
646 645 643
647 646 640
648 592 498
649 648 632
650 649 638
651 650 645
652 582 470
653 652 641
654 653 651
655 654 647
656 603 527
657 656 632
658 657 638
659 658 645
660 659 653
661 592 498
662 661 648
663 662 660
664 663 655
665 615 548
666 665 632
667 666 638
668 667 645
669 668 653
670 669 662
671 603 527
672 671 656
673 672 670
674 673 664
675 674 628
676 675 627
677 675 626
678 677 675
679 678 676
680 678 676
681 680 374
682 680 548
683 682 681
684 683 679
685 683 679
686 685 684
687 679 561
688 680 395
689 680 383
690 689 688
691 690 679
692 691 687
693 680 383
694 680 395
695 694 693
696 695 679
697 695 679
698 697 696
699 698 692
700 679 565
701 680 417
702 680 405
703 702 701
704 703 679
705 704 700
706 680 405
707 680 417
708 707 706
709 708 679
710 708 679
711 710 709
712 711 705
713 698 692
714 713 699
715 714 712
716 715 699
717 679 573
718 680 443
719 680 431
720 719 718
721 720 679
722 721 717
723 680 431
724 680 443
725 724 723
726 725 679
727 725 679
728 727 726
729 728 722
730 729 714
731 711 705
732 731 712
733 732 730
734 733 716
735 679 582
736 680 470
737 680 458
738 737 736
739 738 679
740 739 735
741 680 458
742 680 470
743 742 741
744 743 679
745 743 679
746 745 744
747 746 740
748 747 714
749 748 732
750 728 722
751 750 729
752 751 749
753 752 734
754 679 592
755 680 498
756 680 486
757 756 755
758 757 679
759 758 754
760 680 486
761 680 498
762 761 760
763 762 679
764 762 679
765 764 763
766 765 759
767 766 714
768 767 732
769 768 751
770 746 740
771 770 747
772 771 769
773 772 753
774 679 603
775 680 527
776 680 515
777 776 775
778 777 679
779 778 774
780 680 515
781 680 527
782 781 780
783 782 679
784 782 679
785 784 783
786 785 779
787 786 714
788 787 732
789 788 751
790 789 771
791 765 759
792 791 766
793 792 790
794 793 773
795 679 615
796 680 548
797 680 374
798 797 796
799 798 679
800 799 795
801 800 686
802 801 714
803 802 732
804 803 751
805 804 771
806 805 792
807 785 779
808 807 786
809 808 806
810 809 794
811 810 686
812 810 800
813 812 811
814 810 785
815 810 779
816 815 814
817 810 765
818 810 759
819 818 817
820 810 746
821 810 740
822 821 820
823 810 728
824 810 722
825 824 823
826 810 711
827 810 705
828 827 826
829 810 698
830 810 692
831 830 829
832 810 800
833 810 686
834 833 832
835 810 779
836 810 785
837 836 835
838 810 759
839 810 765
840 839 838
841 810 740
842 810 746
843 842 841
844 810 722
845 810 728
846 845 844
847 810 705
848 810 711
849 848 847
850 810 692
851 810 698
852 851 850
853 798 679
854 679 615
855 854 853
856 777 679
857 679 603
858 857 856
859 757 679
860 679 592
861 860 859
862 738 679
863 679 582
864 863 862
865 720 679
866 679 573
867 866 865
868 703 679
869 679 565
870 869 868
871 690 679
872 679 561
873 872 871
874 372 363
875 363 22
876 875 874
877 513 363
878 363 23
879 878 877
880 484 363
881 363 24
882 881 880
883 456 363
884 363 25
885 884 883
886 429 363
887 363 26
888 887 886
889 403 363
890 363 27
891 890 889
892 381 363
893 363 28
894 893 892
895 37 32
896 895 31
897 44 32
898 897 38
899 898 896
900 52 32
901 900 38
902 901 45
903 902 899
904 61 32
905 904 38
906 905 45
907 906 53
908 907 903
909 71 32
910 909 38
911 910 45
912 911 53
913 912 62
914 913 908
915 8 1
916 915 32
917 916 38
918 917 45
919 918 53
920 919 62
921 920 72
922 921 914
923 83 78
924 923 77
925 90 78
926 925 84
927 926 924
928 98 78
929 928 84
930 929 91
931 930 927
932 107 78
933 932 84
934 933 91
935 934 99
936 935 931
937 117 78
938 937 84
939 938 91
940 939 99
941 940 108
942 941 936
943 15 1
944 943 78
945 944 84
946 945 91
947 946 99
948 947 108
949 948 118
950 949 942
951 950 922
952 951 922
953 952 951
954 132 127
955 954 126
956 139 127
957 956 133
958 957 955
959 147 127
960 959 133
961 960 140
962 961 958
963 156 127
964 963 133
965 964 140
966 965 148
967 966 962
968 166 127
969 968 133
970 969 140
971 970 148
972 971 157
973 972 967
974 15 8
975 974 127
976 975 133
977 976 140
978 977 148
979 978 157
980 979 167
981 980 973
982 981 953
983 982 952
984 982 951
985 984 982
986 985 983
987 986 357
988 987 983
989 987 985
990 989 987
991 990 988
992 234 229
993 992 228
994 241 229
995 994 235
996 995 993
997 249 229
998 997 235
999 998 242
1000 999 996
1001 258 229
1002 1001 235
1003 1002 242
1004 1003 250
1005 1004 1000
1006 268 229
1007 1006 235
1008 1007 242
1009 1008 250
1010 1009 259
1011 1010 1005
1012 22 1
1013 1012 229
1014 1013 235
1015 1014 242
1016 1015 250
1017 1016 259
1018 1017 269
1019 1018 1011
1020 1019 991
1021 1020 988
1022 1021 1020
1023 1020 990
1024 1023 1020
1025 1024 1022
1026 286 281
1027 1026 280
1028 293 281
1029 1028 287
1030 1029 1027
1031 301 281
1032 1031 287
1033 1032 294
1034 1033 1030
1035 310 281
1036 1035 287
1037 1036 294
1038 1037 302
1039 1038 1034
1040 320 281
1041 1040 287
1042 1041 294
1043 1042 302
1044 1043 311
1045 1044 1039
1046 22 8
1047 1046 281
1048 1047 287
1049 1048 294
1050 1049 302
1051 1050 311
1052 1051 321
1053 1052 1045
1054 1053 1025
1055 1054 1022
1056 1055 1054
1057 1054 1024
1058 1057 1054
1059 1058 1056
1060 1059 220
1061 1060 1056
1062 1061 1060
1063 1060 1058
1064 1063 1060
1065 1064 1062
1066 1065 22
1067 1064 1062
1068 1067 15
1069 1064 1062
1070 1069 8
1071 1064 1062
1072 1071 1
1073 1071 1
1074 1073 1072
1075 1074 1069
1076 1075 1070
1077 1076 1067
1078 1077 1068
1079 1078 1065
1080 1079 1066
1081 1065 23
1082 1067 16
1083 1069 9
1084 1071 2
1085 1071 2
1086 1085 1084
1087 1086 1069
1088 1087 1083
1089 1088 1067
1090 1089 1082
1091 1090 1065
1092 1091 1081
1093 1065 24
1094 1067 17
1095 1069 10
1096 1071 3
1097 1071 3
1098 1097 1096
1099 1098 1069
1100 1099 1095
1101 1100 1067
1102 1101 1094
1103 1102 1065
1104 1103 1093
1105 1065 25
1106 1067 18
1107 1069 11
1108 1071 4
1109 1071 4
1110 1109 1108
1111 1110 1069
1112 1111 1107
1113 1112 1067
1114 1113 1106
1115 1114 1065
1116 1115 1105
1117 1065 26
1118 1067 19
1119 1069 12
1120 1071 5
1121 1071 5
1122 1121 1120
1123 1122 1069
1124 1123 1119
1125 1124 1067
1126 1125 1118
1127 1126 1065
1128 1127 1117
1129 1065 27
1130 1067 20
1131 1069 13
1132 1071 6
1133 1071 6
1134 1133 1132
1135 1134 1069
1136 1135 1131
1137 1136 1067
1138 1137 1130
1139 1138 1065
1140 1139 1129
1141 1065 28
1142 1067 21
1143 1069 14
1144 1071 7
1145 1071 7
1146 1145 1144
1147 1146 1069
1148 1147 1143
1149 1148 1067
1150 1149 1142
1151 1150 1065
1152 1151 1141
1153 1078 1065
1154 1065 22
1155 1154 1153
1156 1146 1069
1157 1069 14
1158 1157 1156
1159 1148 1067
1160 1067 21
1161 1160 1159
1162 1161 1158
1163 1134 1069
1164 1069 13
1165 1164 1163
1166 1136 1067
1167 1067 20
1168 1167 1166
1169 1168 1165
1170 1161 1158
1171 1170 1162
1172 1171 1169
1173 1172 1162
1174 1122 1069
1175 1069 12
1176 1175 1174
1177 1124 1067
1178 1067 19
1179 1178 1177
1180 1179 1176
1181 1180 1171
1182 1168 1165
1183 1182 1169
1184 1183 1181
1185 1184 1173
1186 1110 1069
1187 1069 11
1188 1187 1186
1189 1112 1067
1190 1067 18
1191 1190 1189
1192 1191 1188
1193 1192 1171
1194 1193 1183
1195 1179 1176
1196 1195 1180
1197 1196 1194
1198 1197 1185
1199 1098 1069
1200 1069 10
1201 1200 1199
1202 1100 1067
1203 1067 17
1204 1203 1202
1205 1204 1201
1206 1205 1171
1207 1206 1183
1208 1207 1196
1209 1191 1188
1210 1209 1192
1211 1210 1208
1212 1211 1198
1213 1086 1069
1214 1069 9
1215 1214 1213
1216 1088 1067
1217 1067 16
1218 1217 1216
1219 1218 1215
1220 1219 1171
1221 1220 1183
1222 1221 1196
1223 1222 1210
1224 1204 1201
1225 1224 1205
1226 1225 1223
1227 1226 1212
1228 1074 1069
1229 1069 8
1230 1229 1228
1231 1076 1067
1232 1067 15
1233 1232 1231
1234 1233 1230
1235 1234 1171
1236 1235 1183
1237 1236 1196
1238 1237 1210
1239 1238 1225
1240 1218 1215
1241 1240 1219
1242 1241 1239
1243 1242 1227
1244 1150 1065
1245 1065 28
1246 1245 1244
1247 1246 1161
1248 1138 1065
1249 1065 27
1250 1249 1248
1251 1250 1168
1252 1246 1161
1253 1252 1247
1254 1126 1065
1255 1065 26
1256 1255 1254
1257 1256 1179
1258 1250 1168
1259 1258 1251
1260 1114 1065
1261 1065 25
1262 1261 1260
1263 1262 1191
1264 1256 1179
1265 1264 1257
1266 1102 1065
1267 1065 24
1268 1267 1266
1269 1268 1204
1270 1262 1191
1271 1270 1263
1272 1090 1065
1273 1065 23
1274 1273 1272
1275 1274 1218
1276 1268 1204
1277 1276 1269
1278 1274 1218
1279 1278 1275
1280 1246 1158
1281 1250 1165
1282 1246 1158
1283 1282 1280
1284 1283 1281
1285 1284 1280
1286 1256 1176
1287 1286 1283
1288 1250 1165
1289 1288 1281
1290 1289 1287
1291 1290 1285
1292 1262 1188
1293 1292 1283
1294 1293 1289
1295 1256 1176
1296 1295 1286
1297 1296 1294
1298 1297 1291
1299 1268 1201
1300 1299 1283
1301 1300 1289
1302 1301 1296
1303 1262 1188
1304 1303 1292
1305 1304 1302
1306 1305 1298
1307 1274 1215
1308 1307 1283
1309 1308 1289
1310 1309 1296
1311 1310 1304
1312 1268 1201
1313 1312 1299
1314 1313 1311
1315 1314 1306
1316 1230 1155
1317 1316 1283
1318 1317 1289
1319 1318 1296
1320 1319 1304
1321 1320 1313
1322 1274 1215
1323 1322 1307
1324 1323 1321
1325 1324 1315
1326 1325 1243
1327 1326 1243
1328 1327 1326
1329 1326 1243
1330 1329 1326
1331 1330 1328
1332 1258 1253
1333 1332 1252
1334 1264 1253
1335 1334 1259
1336 1335 1333
1337 1270 1253
1338 1337 1259
1339 1338 1265
1340 1339 1336
1341 1276 1253
1342 1341 1259
1343 1342 1265
1344 1343 1271
1345 1344 1340
1346 1278 1253
1347 1346 1259
1348 1347 1265
1349 1348 1271
1350 1349 1277
1351 1350 1345
1352 1233 1155
1353 1352 1253
1354 1353 1259
1355 1354 1265
1356 1355 1271
1357 1356 1277
1358 1357 1279
1359 1358 1351
1360 1359 1331
1361 1360 1328
1362 1361 1360
1363 1360 1330
1364 1363 1360
1365 1364 1362
1366 1365 1155
1367 1364 1362
1368 1367 1233
1369 1364 1362
1370 1369 1230
1371 1369 1230
1372 1371 1370
1373 1372 1367
1374 1373 1368
1375 1374 1365
1376 1375 1366
1377 1365 1274
1378 1367 1218
1379 1369 1215
1380 1369 1215
1381 1380 1379
1382 1381 1367
1383 1382 1378
1384 1383 1365
1385 1384 1377
1386 1365 1268
1387 1367 1204
1388 1369 1201
1389 1369 1201
1390 1389 1388
1391 1390 1367
1392 1391 1387
1393 1392 1365
1394 1393 1386
1395 1365 1262
1396 1367 1191
1397 1369 1188
1398 1369 1188
1399 1398 1397
1400 1399 1367
1401 1400 1396
1402 1401 1365
1403 1402 1395
1404 1365 1256
1405 1367 1179
1406 1369 1176
1407 1369 1176
1408 1407 1406
1409 1408 1367
1410 1409 1405
1411 1410 1365
1412 1411 1404
1413 1365 1250
1414 1367 1168
1415 1369 1165
1416 1369 1165
1417 1416 1415
1418 1417 1367
1419 1418 1414
1420 1419 1365
1421 1420 1413
1422 1365 1246
1423 1367 1161
1424 1369 1158
1425 1369 1158
1426 1425 1424
1427 1426 1367
1428 1427 1423
1429 1428 1365
1430 1429 1422
1431 1374 1365
1432 1365 1155
1433 1432 1431
1434 1426 1367
1435 1367 1161
1436 1435 1434
1437 1428 1365
1438 1365 1246
1439 1438 1437
1440 1439 1436
1441 1417 1367
1442 1367 1168
1443 1442 1441
1444 1419 1365
1445 1365 1250
1446 1445 1444
1447 1446 1443
1448 1439 1436
1449 1448 1440
1450 1449 1447
1451 1450 1440
1452 1408 1367
1453 1367 1179
1454 1453 1452
1455 1410 1365
1456 1365 1256
1457 1456 1455
1458 1457 1454
1459 1458 1449
1460 1446 1443
1461 1460 1447
1462 1461 1459
1463 1462 1451
1464 1399 1367
1465 1367 1191
1466 1465 1464
1467 1401 1365
1468 1365 1262
1469 1468 1467
1470 1469 1466
1471 1470 1449
1472 1471 1461
1473 1457 1454
1474 1473 1458
1475 1474 1472
1476 1475 1463
1477 1390 1367
1478 1367 1204
1479 1478 1477
1480 1392 1365
1481 1365 1268
1482 1481 1480
1483 1482 1479
1484 1483 1449
1485 1484 1461
1486 1485 1474
1487 1469 1466
1488 1487 1470
1489 1488 1486
1490 1489 1476
1491 1381 1367
1492 1367 1218
1493 1492 1491
1494 1383 1365
1495 1365 1274
1496 1495 1494
1497 1496 1493
1498 1497 1449
1499 1498 1461
1500 1499 1474
1501 1500 1488
1502 1482 1479
1503 1502 1483
1504 1503 1501
1505 1504 1490
1506 1372 1367
1507 1367 1233
1508 1507 1506
1509 1508 1433
1510 1509 1449
1511 1510 1461
1512 1511 1474
1513 1512 1488
1514 1513 1503
1515 1496 1493
1516 1515 1497
1517 1516 1514
1518 1517 1505
1519 1518 1433
1520 1518 1508
1521 1518 1508
1522 1521 1520
1523 1522 1518
1524 1523 1519
1525 1518 1496
1526 1518 1493
1527 1518 1493
1528 1527 1526
1529 1528 1518
1530 1529 1525
1531 1518 1482
1532 1518 1479
1533 1518 1479
1534 1533 1532
1535 1534 1518
1536 1535 1531
1537 1518 1469
1538 1518 1466
1539 1518 1466
1540 1539 1538
1541 1540 1518
1542 1541 1537
1543 1518 1457
1544 1518 1454
1545 1518 1454
1546 1545 1544
1547 1546 1518
1548 1547 1543
1549 1518 1446
1550 1518 1443
1551 1518 1443
1552 1551 1550
1553 1552 1518
1554 1553 1549
1555 1518 1439
1556 1518 1436
1557 1518 1436
1558 1557 1556
1559 1558 1518
1560 1559 1555
1561 1522 1518
1562 1518 1433
1563 1562 1561
1564 1528 1518
1565 1518 1496
1566 1565 1564
1567 1534 1518
1568 1518 1482
1569 1568 1567
1570 1540 1518
1571 1518 1469
1572 1571 1570
1573 1546 1518
1574 1518 1457
1575 1574 1573
1576 1552 1518
1577 1518 1446
1578 1577 1576
1579 1558 1518
1580 1518 1439
1581 1580 1579
1582 1080 813
1583 1080 813
1584 1583 1582
1585 1092 816
1586 1092 816
1587 1586 1585
1588 1104 819
1589 1104 819
1590 1589 1588
1591 1116 822
1592 1116 822
1593 1592 1591
1594 1128 825
1595 1128 825
1596 1595 1594
1597 1140 828
1598 1140 828
1599 1598 1597
1600 1152 831
1601 1152 831
1602 1601 1600
1603 1376 834
1604 1376 834
1605 1604 1603
1606 1385 837
1607 1385 837
1608 1607 1606
1609 1394 840
1610 1394 840
1611 1610 1609
1612 1403 843
1613 1403 843
1614 1613 1612
1615 1412 846
1616 1412 846
1617 1616 1615
1618 1421 849
1619 1421 849
1620 1619 1618
1621 1430 852
1622 1430 852
1623 1622 1621
1624 1524 855
1625 1524 855
1626 1625 1624
1627 1530 858
1628 1530 858
1629 1628 1627
1630 1536 861
1631 1536 861
1632 1631 1630
1633 1542 864
1634 1542 864
1635 1634 1633
1636 1548 867
1637 1548 867
1638 1637 1636
1639 1554 870
1640 1554 870
1641 1640 1639
1642 1560 873
1643 1560 873
1644 1643 1642
1645 1563 876
1646 1563 876
1647 1646 1645
1648 1566 879
1649 1566 879
1650 1649 1648
1651 1569 882
1652 1569 882
1653 1652 1651
1654 1572 885
1655 1572 885
1656 1655 1654
1657 1575 888
1658 1575 888
1659 1658 1657
1660 1578 891
1661 1578 891
1662 1661 1660
1663 1581 894
1664 1581 894
1665 1664 1663
1666 1590 1587
1667 1666 1584
1668 1596 1593
1669 1602 1599
1670 1669 1668
1671 1670 1667
1672 1611 1608
1673 1672 1605
1674 1617 1614
1675 1623 1620
1676 1675 1674
1677 1676 1673
1678 1677 1671
1679 1632 1629
1680 1679 1626
1681 1638 1635
1682 1644 1641
1683 1682 1681
1684 1683 1680
1685 1653 1650
1686 1685 1647
1687 1659 1656
1688 1665 1662
1689 1688 1687
1690 1689 1686
1691 1690 1684
1692 1691 1678
